30
30
27
30
27
27
27
27
27
27
27
27
24
24
24
24
30
30
30
30
30
30
30
30
30
30
30
30
30
30
30
30
30
27
27
27
27
27
27
27
27
27
27
27
27
24
24
24
24
24
24
24
24
24
24
24
24
24
24
24
24
24
31
31
31
31
31
31
30
30
30
30
30
30
107
107
30
26
27
26
27
26
27
27
26
27
27
25
25
25
25
25
24
25
25
25
24
25
25
24
24
25
31
31
31
31
31
31
31
31
31
31
31
31
31
31
31
31
26
26
26
26
26
26
26
26
26
26
25
25
25
25
25
25
25
25
25
25
25
25
25
25
25
25
111
111
111
111
111
111
111
31
31
31
106
106
106
106
106
126
126
126
126
126
26
26
26
26
26
2
2
2
2
2
2
2
2
2
2
2
2
2
2
2
111
111
111
111
111
111
111
111
111
111
106
106
106
106
106
126
126
126
126
126
45
45
45
45
45
2
2
2
2
2
3
3
3
2
3
46
46
46
46
46
46
46
46
46
98
98
84
84
98
84
84
84
31
98
98
98
98
84
84
85
85
85
84
84
76
76
76
76
76
75
75
75
44
44
46
46
46
46
46
46
45
45
45
45
45
46
46
46
46
46
84
84
84
84
84
84
84
84
84
84
84
84
45
45
45
45
85
85
85
84
84
76
76
76
44
44
63
63
63
44
44
44
44
44
44
44
45
45
45
45
45
45
84
84
84
84
44
45
45
45
45
45
45
44
44
44
44
44
44
44
44
44
44
44
44
44
44
44
36
35
36
36
36
36
36
37
36
38
38
38
38
38
38
36
36
36
36
36
36
36
36
37
38
36
38
38
38
38
35
35
35
35
35
35
35
38
38
38
38
37
38
38
38
35
47
47
35
47
47
47
47
38
47
47
47
47
47
47
42
42
42
42
42
42
42
47
47
11
47
47
11
11
46
42
42
42
42
42
42
11
11
42
42
11
11
46
46
46
15
15
11
15
15
15
15
8
8
8
8
8
8
8
8
15
15
15
15
15
15
15
48
48
8
8
8
8
8
13
12
12
12
12
12
13
12
13
13
13
13
13
13
12
12
12
12
13
0
0
0
0
0
0
12
12
13
12
13
13
12
13
13
3
3
3
0
0
0
0
0
0
0
0
1
1
41
1
1
1
1
1
1
1
41
1
1
1
1
1
35
35
36
36
36
36
36
38
38
38
37
37
37
37
37
36
35
36
36
36
36
36
37
37
37
37
37
37
38
37
35
35
35
35
35
35
35
38
37
37
38
38
37
37
38
35
35
35
35
35
35
35
47
47
47
47
47
47
47
47
11
11
42
42
42
42
42
11
47
47
47
11
11
11
11
43
42
42
42
42
42
11
11
42
42
11
11
46
11
46
43
43
15
15
15
15
15
8
8
8
8
8
8
8
8
15
15
15
15
15
15
15
8
8
8
8
13
8
13
8
14
14
12
12
12
12
12
13
13
13
13
13
3
13
13
14
12
14
12
0
0
0
0
0
12
12
12
12
13
13
13
13
3
3
3
3
0
0
0
0
0
0
0
0
41
1
1
41
1
1
3
1
1
1
1
1
1
1
1
1
34
34
34
34
34
34
34
37
37
37
63
39
62
39
37
34
34
34
34
34
34
34
63
37
63
37
62
37
37
62
33
33
33
33
33
33
33
32
32
32
32
32
32
62
32
41
33
33
33
33
33
33
32
32
32
32
32
40
40
40
43
43
43
43
43
43
43
40
40
40
40
40
40
40
40
43
43
43
43
43
43
43
41
11
11
41
40
40
40
40
15
15
11
11
11
11
11
9
9
9
9
9
9
9
9
48
10
10
10
48
48
10
9
9
9
9
9
48
9
9
41
41
10
10
10
10
10
10
10
10
10
3
3
3
3
12
14
12
6
6
6
6
6
6
14
14
14
14
4
4
4
4
3
3
3
3
6
6
6
6
6
6
6
6
4
4
4
4
3
4
4
4
5
5
5
5
5
5
5
5
34
34
32
34
34
34
34
62
62
39
62
39
39
39
39
34
34
34
34
34
34
34
39
39
39
39
39
39
39
39
33
33
33
33
33
33
33
32
32
32
32
39
32
32
32
33
33
33
33
33
33
33
32
32
32
32
32
39
39
39
43
43
43
41
43
41
41
40
40
40
40
40
40
40
40
43
43
41
41
41
43
43
62
48
48
48
40
40
40
40
41
41
41
41
41
41
41
9
9
9
9
9
9
9
9
41
41
10
10
10
10
48
48
48
48
48
9
9
9
9
41
10
10
10
10
10
10
10
10
10
10
14
14
14
14
7
7
7
7
6
6
6
6
6
7
7
7
7
4
4
4
14
4
4
3
3
6
6
6
6
6
6
6
6
4
4
4
4
5
5
4
3
5
5
5
5
5
5
5
5
60
60
60
60
60
60
60
62
62
62
62
62
62
62
62
60
60
61
60
60
60
60
61
61
61
61
63
63
39
39
61
61
61
61
61
61
61
61
61
61
61
63
63
63
63
51
51
51
51
51
51
51
50
50
50
50
50
50
50
50
51
51
51
51
51
51
51
50
50
50
50
48
50
62
48
54
49
54
54
49
49
49
49
49
48
49
48
62
62
48
54
28
28
48
48
49
48
48
49
49
49
49
48
49
49
28
28
28
28
28
28
28
29
29
29
29
23
14
23
23
29
28
28
28
28
28
28
29
29
29
29
29
29
29
29
7
7
7
7
7
7
7
22
22
7
7
7
7
4
4
4
14
4
4
14
4
7
7
7
7
7
7
7
7
14
14
14
14
14
5
5
5
5
14
5
5
14
14
5
5
60
60
60
60
60
60
60
62
62
62
62
59
62
62
59
60
60
60
60
60
60
60
63
63
63
63
63
63
63
63
61
61
61
61
61
61
61
61
61
61
61
63
63
63
63
51
51
51
51
51
51
51
50
50
50
50
50
50
50
50
51
51
55
51
51
51
51
50
50
50
50
50
48
50
48
54
54
54
54
49
49
49
49
49
49
49
49
53
53
48
54
54
54
54
54
54
54
49
49
53
49
49
49
53
53
28
28
28
28
28
28
28
29
29
29
29
23
29
29
29
29
28
28
29
28
28
28
23
23
29
29
29
29
23
29
22
22
22
22
22
22
21
22
22
22
22
22
22
2
21
21
2
2
2
21
21
22
22
22
22
22
21
22
22
21
21
21
2
21
21
21
20
21
20
21
21
20
20
20
21
58
39
39
39
58
39
58
59
59
59
59
59
59
59
59
58
58
58
58
58
58
58
59
59
59
59
59
59
59
59
56
56
56
56
74
56
74
57
57
57
57
57
57
57
57
56
56
56
56
56
56
56
74
74
74
74
74
74
57
57
55
55
55
55
55
55
55
74
74
74
74
74
74
74
74
55
55
65
55
55
55
55
53
55
53
53
55
53
53
53
54
54
54
54
54
54
54
53
53
53
53
75
53
75
75
16
16
16
16
16
16
16
75
75
75
75
17
17
17
17
16
16
16
16
17
16
16
19
19
19
19
19
19
19
19
22
17
22
23
23
23
22
23
23
22
22
17
22
19
19
19
19
19
19
19
19
23
23
21
23
23
23
21
23
21
21
21
21
20
2
20
20
20
20
20
20
20
20
20
21
58
58
58
58
58
58
58
59
59
59
59
59
59
59
59
58
58
58
58
58
58
58
57
57
57
57
57
57
57
57
56
56
56
56
56
56
56
57
57
57
57
57
57
57
57
56
56
52
56
56
56
56
52
74
74
74
74
74
74
74
52
52
52
52
52
52
52
52
52
52
52
74
74
74
74
55
55
65
72
72
55
55
53
53
53
75
75
75
75
75
55
55
55
55
55
55
55
53
53
53
53
53
53
53
53
16
16
16
16
16
16
16
17
17
17
17
17
17
17
17
16
16
16
16
16
16
16
17
17
17
17
19
19
19
19
17
17
17
120
120
23
123
23
23
17
17
17
17
19
19
19
19
19
21
19
19
23
23
23
120
23
123
23
23
20
20
20
20
123
20
20
123
20
20
20
123
20
123
20
20
90
90
90
90
90
90
90
58
58
18
58
69
69
69
69
71
90
71
71
71
71
71
18
18
18
18
69
69
18
18
71
71
71
71
71
71
71
18
18
18
18
18
18
18
18
56
52
56
52
52
52
52
52
52
52
52
18
18
18
18
72
72
72
72
52
72
72
67
67
67
67
75
67
75
75
65
72
72
72
72
72
72
75
75
75
75
75
75
75
75
112
112
112
112
112
112
112
112
112
112
112
114
114
114
114
112
112
112
112
112
112
112
113
113
113
113
113
21
21
21
113
113
113
125
113
113
125
113
113
113
125
125
125
113
125
120
120
120
120
120
120
125
125
125
120
120
120
120
125
123
123
123
122
123
123
123
120
120
120
120
125
125
125
125
123
123
123
125
122
122
123
123
123
125
123
123
123
123
122
123
90
90
90
90
90
90
90
90
90
90
90
69
76
76
69
71
71
71
71
71
71
71
114
114
114
114
69
69
69
69
71
71
71
71
71
71
71
69
69
69
69
18
18
18
18
73
73
73
67
67
67
67
52
52
52
52
18
18
18
18
72
65
72
72
72
72
72
65
65
65
65
65
65
65
65
72
72
72
72
72
72
72
114
114
114
65
114
114
65
114
112
112
112
112
112
112
112
114
114
114
114
114
114
114
114
112
54
112
113
113
113
113
54
54
54
54
113
113
101
101
113
113
113
113
113
113
113
127
127
127
127
127
118
118
118
120
120
122
120
125
125
125
125
125
120
120
120
120
127
127
127
122
127
127
127
122
120
120
125
120
125
125
125
125
122
122
122
122
123
123
123
123
122
122
122
122
126
126
126
126
70
70
70
70
70
70
70
76
64
76
64
64
64
64
69
70
70
70
70
70
70
70
64
64
64
64
64
64
69
69
89
89
89
94
88
94
88
68
64
68
68
68
69
64
69
89
88
91
94
91
88
88
68
68
68
68
94
68
69
68
91
91
91
93
91
91
93
94
94
94
91
91
94
68
68
68
68
94
94
94
94
91
91
94
94
94
94
94
94
94
94
94
92
92
92
92
92
92
92
92
92
92
92
92
92
70
70
70
90
90
90
90
64
64
64
64
69
76
64
64
67
67
67
67
67
67
67
78
78
78
78
78
78
78
78
73
73
73
73
73
73
73
77
78
78
77
65
78
65
65
121
73
73
73
73
73
73
77
77
77
77
77
77
77
77
121
79
121
121
121
79
79
77
65
77
65
65
65
65
65
116
79
116
116
116
116
116
103
103
103
103
114
114
114
114
116
116
116
122
122
122
116
116
116
116
117
100
117
117
100
117
117
117
122
122
122
122
127
127
127
127
127
117
117
117
122
122
122
121
121
121
124
124
124
26
26
26
26
127
127
127
127
127
127
127
127
115
115
115
115
121
115
115
115
115
115
115
115
115
126
126
126
126
115
115
115
126
126
126
126
70
70
70
70
70
70
70
69
64
69
64
64
69
64
69
89
88
89
88
88
88
94
68
68
68
68
68
64
68
64
89
91
88
91
88
91
91
68
68
94
68
68
68
68
68
94
88
91
91
93
93
93
93
93
88
91
91
88
95
95
80
80
95
80
95
95
93
91
91
93
93
93
93
93
95
92
95
92
95
95
92
92
92
92
92
95
95
92
92
92
67
67
67
67
67
67
67
66
66
66
66
65
64
64
65
73
73
73
66
66
66
66
78
78
78
78
77
78
77
77
121
79
79
79
79
79
79
77
77
77
77
78
77
78
78
121
79
121
79
79
79
79
76
77
77
77
76
77
77
76
116
116
116
116
116
116
118
118
118
118
118
118
124
124
121
124
121
121
116
116
116
116
103
76
76
103
76
117
103
103
116
116
116
116
100
100
100
100
117
110
117
117
118
118
118
118
118
118
118
118
119
119
119
119
119
110
110
110
115
115
115
115
119
119
119
119
124
124
124
124
124
124
124
124
115
115
115
115
115
127
127
127
115
115
126
115
126
126
111
111
66
67
67
66
66
66
66
94
66
66
66
91
91
91
91
88
88
88
88
88
88
88
80
80
94
80
80
94
91
91
88
92
88
93
93
93
93
93
93
88
88
88
88
80
80
80
80
80
80
90
90
93
93
93
93
93
93
93
93
95
95
95
95
95
95
95
95
95
95
95
95
95
95
95
95
66
66
66
66
66
66
66
66
66
66
66
76
76
76
76
79
79
79
79
73
79
79
78
78
78
78
78
76
76
76
79
79
73
100
100
100
100
100
100
118
118
118
118
118
118
121
124
121
124
26
26
79
79
79
79
77
63
63
77
63
78
78
78
100
100
100
100
103
117
103
103
103
117
103
117
100
100
100
100
118
118
118
118
121
121
119
119
124
121
124
124
121
124
124
121
100
103
103
103
103
117
103
117
119
119
119
119
119
103
103
103
96
96
96
119
119
121
119
119
96
108
119
108
119
121
119
108
111
121
111
111
108
111
108
108
83
83
83
80
83
80
80
80
80
80
80
80
80
76
80
87
92
92
82
82
82
82
82
82
92
87
87
87
80
80
80
80
89
89
89
89
82
82
82
82
82
82
82
82
86
86
86
86
86
86
89
86
86
86
86
86
89
89
89
86
105
104
104
104
104
104
96
104
119
104
104
104
108
108
108
105
105
105
109
109
109
109
109
106
104
104
104
96
104
104
108
104
107
104
107
104
109
109
109
109
109
106
106
109
104
106
104
106
107
107
107
107
107
107
107
107
107
107
107
111
83
83
83
73
73
73
100
100
100
100
100
101
101
101
101
105
105
105
105
105
105
83
83
73
83
81
81
81
81
81
81
81
81
83
83
83
87
82
82
82
82
82
81
87
81
87
81
81
81
81
81
81
81
81
124
124
124
124
101
101
101
100
101
101
101
101
105
105
105
105
105
96
105
105
117
117
124
124
117
103
117
117
103
103
110
103
117
117
117
117
110
110
110
110
96
96
96
96
119
119
104
119
96
103
110
103
96
107
107
107
104
108
108
108
83
83
87
83
83
87
82
82
82
102
102
102
101
101
101
101
101
101
105
105
105
105
96
105
85
85
85
85
85
85
96
97
97
97
97
97
97
97
97
108
108
108
109
109
109
97
97
97
109
108
109
109
109
109
83
83
83
83
81
81
81
81
81
89
89
89
87
87
82
87
82
82
82
82
86
86
86
86
89
89
89
89
86
86
86
86
86
86
89
86
105
105
96
105
104
104
104
104
107
104
107
104
109
109
109
109
109
109
109
109
106
106
106
106
107
107
111
107
99
99
99
99
107
107
107
107
83
83
83
83
102
102
102
102
101
101
101
101
101
101
101
101
105
110
105
110
81
81
87
81
81
85
85
85
83
87
87
83
87
87
87
87
102
102
102
102
102
102
102
102
102
102
102
102
96
96
110
110
110
110
110
110
102
102
102
102
110
102
102
102
110
110
110
110
85
96
85
96
85
85
85
85
97
97
97
97
97
97
97
97
108
108
108
108
97
97
97
97
97
97
97
97
108
108
108
108
87
87
87
87
89
85
85
85
87
87
87
87
89
85
85
85
96
96
96
96
110
110
110
110
96
99
99
99
106
99
99
99
98
98
98
86
86
98
98
86
99
99
99
99
98
106
98
106
98
98
98
98
106
106
99
99
99
99
106
99
86
98
98
98
99
99
99
99
98
98
98
98
99
99
99
106
106
98
99
98
