30
30
30
30
27
27
27
27
27
27
27
27
24
24
24
24
30
30
30
30
30
30
30
30
30
30
30
30
30
30
30
30
30
27
27
27
27
27
27
27
27
27
27
27
27
24
24
24
24
24
24
24
24
24
24
24
24
24
24
24
24
24
31
31
31
31
31
31
31
31
31
31
30
30
30
30
30
26
27
27
26
27
27
27
26
27
27
25
25
25
25
25
25
25
25
25
25
25
24
24
24
24
31
31
31
31
31
31
31
31
31
31
31
31
26
31
31
31
26
26
26
26
26
26
26
26
26
26
25
25
25
25
25
25
25
25
25
25
25
25
25
25
25
25
44
111
31
44
44
111
111
106
106
31
126
106
106
106
106
126
126
126
26
26
26
26
26
26
26
3
3
3
26
26
2
2
2
2
2
2
2
2
2
2
111
111
111
111
111
111
111
106
44
106
126
126
126
106
106
126
126
126
126
126
19
19
19
26
26
3
3
3
26
26
3
3
3
3
3
2
2
2
2
2
2
2
2
2
87
87
106
85
84
84
84
84
84
85
85
85
84
84
84
85
85
85
84
84
76
76
76
85
126
48
48
48
63
63
12
12
12
45
2
45
48
48
48
45
45
45
45
45
45
45
84
84
84
84
84
84
84
84
84
84
84
84
45
45
45
45
85
85
85
84
84
76
76
76
44
44
63
63
63
44
44
63
63
63
63
45
45
45
45
45
45
45
44
84
84
44
44
45
45
45
45
45
45
44
44
44
44
44
44
45
44
44
44
44
44
44
44
44
36
36
36
36
36
36
36
38
38
38
38
38
38
38
38
35
36
36
36
36
36
36
37
38
37
38
38
38
38
38
35
35
35
35
35
35
35
37
37
37
37
37
37
37
37
35
42
42
35
35
35
35
47
47
47
47
47
47
47
47
42
42
42
42
42
42
42
46
46
46
46
46
46
46
46
42
42
42
42
42
42
42
46
46
46
46
46
46
46
46
15
15
15
15
15
15
15
8
8
8
8
8
2
8
8
15
15
15
15
12
15
15
12
12
12
12
12
12
12
8
14
14
14
13
13
13
13
13
12
12
12
12
12
12
12
14
14
14
0
0
0
0
0
0
13
13
13
13
13
13
13
13
13
12
12
12
0
0
0
0
0
0
0
0
1
1
1
13
1
2
1
2
1
1
1
1
1
2
1
2
36
36
36
36
36
36
36
38
38
38
38
38
38
38
38
36
36
36
36
36
36
36
37
38
38
37
37
38
38
38
35
35
35
35
35
35
35
37
37
37
37
37
37
37
37
35
35
35
35
35
35
35
47
47
47
47
47
47
47
47
42
43
43
42
42
42
42
47
47
47
47
46
46
47
47
42
43
42
42
42
42
42
46
46
46
46
46
46
46
46
15
15
15
15
15
15
15
8
8
8
8
8
8
8
8
15
15
15
15
15
15
15
8
8
8
8
8
8
8
8
14
14
14
14
14
14
14
13
13
13
13
12
12
12
12
14
14
14
0
0
0
0
0
0
14
14
14
14
13
13
13
13
13
13
3
3
1
0
0
0
0
0
0
0
1
1
1
1
1
3
3
3
1
1
1
1
1
3
3
1
34
34
34
34
34
34
34
39
39
39
39
39
39
39
39
34
34
34
34
34
34
34
37
37
39
37
39
39
39
39
33
33
33
33
33
33
33
32
32
32
32
32
32
32
32
43
33
33
43
33
33
33
47
47
47
47
32
32
32
32
43
43
43
43
43
43
43
40
40
40
47
40
40
40
40
43
43
43
43
43
43
43
40
40
9
40
40
40
40
40
11
11
11
11
11
11
11
9
9
9
9
9
9
9
8
11
11
11
11
11
11
11
10
10
10
10
9
9
9
9
11
14
14
10
14
13
11
10
10
10
10
10
10
4
10
14
14
14
6
6
6
6
6
6
4
13
14
11
4
4
4
4
4
3
4
4
1
6
6
4
6
6
6
6
4
5
4
4
4
3
3
3
6
1
1
1
3
3
3
3
34
34
34
34
34
34
34
39
39
39
39
39
39
39
39
34
34
34
61
37
34
34
34
32
39
39
39
39
39
39
33
33
33
33
33
33
33
32
32
32
32
32
32
32
32
33
33
33
33
33
33
33
40
43
32
32
32
32
32
32
43
43
43
43
43
43
43
40
40
40
40
40
40
40
40
41
41
41
41
41
41
41
41
40
41
40
9
9
40
40
41
41
41
41
41
41
41
9
9
9
9
9
9
9
9
11
11
11
11
11
11
11
10
10
9
10
9
9
9
9
11
11
11
10
10
10
10
10
10
10
10
10
10
10
10
7
7
7
6
6
6
6
6
6
4
4
4
4
4
4
4
4
4
4
4
4
6
6
6
6
6
6
6
6
4
5
5
18
5
5
5
3
5
5
5
5
5
5
5
5
60
60
60
60
60
60
60
62
62
62
62
62
62
62
62
60
60
60
61
60
60
60
61
62
62
62
62
62
62
62
61
61
61
61
33
61
61
61
61
61
61
50
63
63
63
51
51
51
61
51
51
51
48
50
50
50
50
50
50
50
51
51
51
51
51
51
51
50
50
50
50
50
48
48
48
41
41
41
41
41
41
41
49
49
49
49
49
48
48
48
54
41
54
49
49
49
41
49
49
49
49
49
49
48
48
28
28
28
28
28
28
28
29
29
29
29
29
29
29
29
28
28
28
28
18
28
28
29
29
29
29
29
29
29
29
22
22
7
7
7
7
7
7
7
18
18
18
7
18
18
18
18
18
18
18
18
7
7
7
7
7
7
7
7
18
21
18
5
5
5
5
5
5
5
5
5
5
5
5
5
60
60
60
60
60
60
60
62
62
62
62
62
62
62
62
60
60
60
60
60
60
60
63
62
63
61
62
62
63
62
61
61
61
61
61
61
61
61
61
61
61
50
63
63
63
51
51
51
51
51
51
61
50
50
50
50
50
50
48
50
51
51
51
51
51
51
51
50
50
50
50
50
50
48
48
54
54
54
54
54
54
54
49
49
49
49
49
48
48
48
54
54
54
54
54
54
54
49
49
49
49
49
48
48
48
28
28
28
28
28
28
28
49
29
29
29
29
29
29
29
28
28
28
28
28
28
28
18
18
18
18
29
29
29
29
22
22
22
22
22
22
7
7
7
22
22
22
22
18
18
18
18
18
18
18
18
22
22
22
22
7
7
21
7
21
21
21
21
21
21
21
21
21
21
21
21
21
21
21
21
58
58
58
58
58
58
58
59
59
59
59
59
63
63
63
58
58
58
58
59
58
58
59
59
59
59
59
63
63
63
56
56
56
56
56
56
56
57
57
57
57
57
57
57
57
56
56
56
52
56
56
56
57
57
57
57
57
57
57
57
51
55
55
55
55
55
55
52
52
52
52
52
52
52
52
55
55
55
55
55
55
55
54
53
54
53
53
52
53
53
54
54
54
54
54
54
54
53
53
53
53
53
53
53
48
16
16
16
16
16
16
16
17
17
17
17
17
17
17
17
16
16
16
17
16
16
17
17
17
17
17
17
19
19
19
22
22
22
22
22
22
23
23
23
22
22
22
22
19
19
19
19
19
19
19
19
23
23
23
23
23
23
23
23
20
20
21
21
20
21
20
20
21
21
21
21
20
20
20
20
58
58
58
58
58
59
58
59
59
59
59
59
63
59
63
58
58
58
58
58
58
58
59
59
59
59
59
59
59
59
56
56
56
58
56
56
56
69
59
57
57
57
57
57
57
56
56
56
56
56
56
56
57
52
52
52
57
57
57
57
55
55
55
52
52
52
52
52
52
52
52
52
52
52
52
55
55
55
55
55
55
55
53
52
52
55
53
53
53
53
55
55
55
112
112
112
112
53
53
53
53
53
53
53
53
16
16
16
16
16
16
16
17
17
17
17
17
17
17
17
16
16
16
16
16
16
16
17
17
17
17
19
19
19
19
120
120
120
23
23
23
23
23
23
120
120
22
120
19
19
19
19
19
19
19
19
23
23
23
23
23
23
23
23
20
20
20
20
20
20
20
20
20
20
20
20
20
20
20
20
71
71
71
68
68
68
68
68
68
68
68
68
68
68
68
71
71
71
71
71
71
71
69
69
68
69
69
69
69
69
71
71
71
71
71
71
71
69
69
69
69
69
69
69
69
73
56
73
74
74
74
74
74
74
74
74
74
74
74
74
72
72
72
72
72
72
72
74
74
74
74
75
75
75
75
72
72
72
72
72
72
72
75
75
75
75
75
75
75
75
112
112
112
112
112
112
112
112
75
112
112
115
114
53
53
112
112
112
112
16
112
113
115
115
113
113
115
115
115
115
120
113
113
113
113
113
113
123
115
115
123
115
115
115
115
120
120
120
120
120
120
121
121
121
120
120
120
120
123
123
123
123
123
123
123
123
123
120
120
120
23
121
121
23
122
122
123
122
122
122
123
122
122
122
122
122
122
122
122
122
70
70
70
70
70
70
70
68
68
68
68
68
68
68
68
70
71
71
71
70
71
71
68
68
68
68
69
69
69
69
71
71
73
73
71
71
71
74
69
69
69
69
69
69
69
73
73
73
73
73
73
73
74
74
73
74
74
74
74
74
72
72
74
73
73
73
72
74
75
74
75
75
75
75
75
72
72
72
72
72
72
72
75
75
75
75
75
75
75
75
72
112
112
112
114
112
112
114
114
114
114
114
114
114
114
112
112
113
113
113
113
113
114
115
115
115
115
115
115
115
113
113
113
113
113
113
113
115
115
115
113
115
115
115
115
120
120
120
121
121
121
121
121
121
120
120
120
120
123
123
123
123
123
123
123
123
121
121
121
121
121
121
122
121
122
122
122
122
123
123
123
123
122
122
122
122
122
122
122
122
70
70
67
70
70
70
70
64
64
64
64
68
64
64
64
70
70
70
64
64
64
64
64
64
64
64
64
85
64
64
89
89
89
89
89
89
89
64
89
89
91
91
91
91
91
89
89
89
89
89
89
89
90
90
90
90
90
90
90
90
92
92
92
92
92
92
92
92
92
92
92
92
92
90
90
90
90
90
90
90
90
92
92
92
92
94
92
93
94
94
94
94
94
94
94
94
94
94
94
94
94
94
94
94
94
70
70
70
70
70
70
70
64
64
64
64
65
65
65
65
67
67
67
67
67
67
67
65
65
65
65
65
65
65
65
73
67
73
73
73
73
73
77
77
77
77
77
77
77
77
73
73
73
73
73
72
73
77
77
77
77
77
77
77
77
112
116
72
78
78
79
78
114
78
114
78
114
114
114
114
79
116
116
116
116
116
116
114
114
114
114
114
114
114
114
116
116
116
118
118
118
116
116
116
116
117
117
117
117
117
117
117
117
113
118
113
113
117
117
117
117
117
117
117
117
118
118
118
121
121
124
124
121
121
127
127
113
113
127
127
127
127
127
127
127
127
125
121
121
121
125
121
125
121
127
127
127
127
127
127
127
127
125
125
125
125
125
126
126
106
67
67
67
67
67
67
67
64
65
64
64
65
65
65
65
89
89
89
89
89
89
89
91
91
91
64
91
91
91
65
89
89
89
88
88
88
89
91
90
91
91
91
91
91
91
92
92
92
92
92
92
93
93
93
88
88
88
88
90
90
90
90
90
90
90
90
93
92
92
92
93
93
93
93
95
94
95
95
95
95
95
95
94
94
94
94
94
94
94
94
67
67
67
66
66
66
66
65
65
65
65
65
65
65
65
66
67
67
66
66
66
66
66
65
77
77
77
77
77
77
79
79
79
67
78
79
79
78
77
78
78
77
77
77
77
79
79
79
79
79
79
79
114
78
78
78
114
78
85
78
116
116
116
116
116
116
118
100
118
118
118
118
124
124
118
124
124
124
78
116
116
116
78
78
78
78
78
117
78
78
116
116
116
116
117
117
117
117
117
117
117
117
118
118
118
118
118
118
118
118
119
117
119
119
117
119
119
119
127
127
127
119
119
127
127
127
124
124
125
124
124
124
124
124
125
125
125
127
127
126
126
126
125
125
125
125
125
126
126
126
67
67
67
66
66
66
66
91
66
66
91
91
91
91
91
88
88
88
88
88
88
88
88
88
88
66
91
76
91
91
80
88
88
93
93
93
93
93
93
88
88
88
88
88
88
88
88
95
95
95
95
93
93
93
93
93
93
93
93
95
95
93
95
95
95
95
95
95
95
95
95
95
95
95
95
66
80
66
66
66
66
66
66
66
66
66
81
76
76
76
79
79
80
79
79
79
79
76
76
76
76
76
76
76
76
79
79
79
100
100
100
100
100
100
118
118
118
118
118
118
124
124
104
124
124
124
79
79
79
79
78
78
78
78
78
76
76
76
100
103
100
100
103
103
103
103
103
103
103
103
100
100
100
100
119
119
119
100
124
105
124
124
124
124
124
125
104
104
124
124
103
103
103
103
103
103
103
103
119
119
119
119
119
119
119
119
127
119
119
119
125
125
125
125
119
119
119
119
107
126
126
126
125
125
125
125
125
126
126
126
80
80
80
80
80
80
80
81
80
80
81
76
76
76
76
82
82
80
82
82
82
82
82
82
80
80
80
80
93
80
80
80
81
85
85
85
82
82
82
82
82
82
82
82
86
86
86
86
86
86
86
86
86
86
86
86
86
86
86
86
104
104
104
104
104
104
104
104
104
104
104
106
106
106
106
104
104
104
109
109
109
109
109
109
104
104
104
104
104
104
104
104
106
106
106
106
109
109
109
109
109
109
109
109
110
110
110
110
110
110
110
110
110
110
110
110
110
110
110
110
83
83
83
83
83
83
100
100
100
100
100
100
101
101
101
105
105
105
105
105
105
80
80
80
80
81
81
81
81
81
76
81
81
83
83
83
82
82
82
82
82
82
83
83
83
83
81
81
81
81
81
76
103
81
100
100
100
100
101
101
100
100
101
101
101
101
105
105
105
105
105
105
105
104
103
103
103
103
103
103
103
103
102
102
102
102
102
103
102
102
101
101
101
102
119
107
107
107
107
107
107
107
102
102
102
102
107
107
107
107
106
106
107
107
83
83
83
96
96
96
96
96
96
96
83
83
97
97
101
101
101
105
105
105
105
105
105
105
96
96
96
96
96
96
96
97
97
97
97
97
97
97
108
108
108
108
109
109
109
97
97
108
108
108
108
109
109
109
80
80
83
80
81
81
81
81
81
85
85
81
82
82
82
82
87
87
82
87
86
87
86
86
86
86
86
86
87
87
87
87
86
86
86
86
108
105
104
105
106
106
107
107
106
107
107
107
109
109
109
109
109
108
109
109
108
108
110
108
110
110
110
111
110
110
110
111
110
110
110
110
83
83
83
83
83
83
83
83
101
101
101
101
101
101
101
101
105
105
105
105
81
81
98
81
81
85
85
85
96
96
96
96
87
87
87
96
98
98
98
102
102
98
102
98
102
102
102
102
101
101
101
101
107
107
107
107
102
102
102
102
102
102
102
102
107
107
107
107
96
96
96
96
96
96
96
96
97
97
97
97
97
97
97
97
108
108
108
108
97
97
97
97
97
97
97
97
108
108
108
108
87
87
87
87
87
98
85
85
87
87
87
87
87
87
85
85
108
108
108
108
111
111
111
111
108
111
111
111
111
111
111
111
98
98
98
98
99
99
99
98
99
111
99
99
98
98
98
98
98
87
98
98
99
99
99
99
99
99
99
99
98
98
99
99
99
99
99
99
98
98
98
98
99
99
99
111
99
99
99
99
