96
96
96
96
96
96
96
96
96
96
96
96
96
96
96
96
96
96
96
96
96
99
99
99
99
99
99
99
99
96
96
96
96
96
96
96
99
99
99
99
99
99
99
99
99
99
99
99
99
99
99
110
110
99
99
99
99
99
99
110
99
99
99
99
99
99
110
110
110
110
110
110
110
110
110
99
110
110
110
110
110
111
111
111
111
110
110
111
111
111
110
111
111
111
111
111
111
111
111
111
111
111
111
111
111
111
111
111
111
111
111
105
105
105
105
111
111
105
105
105
105
105
105
105
105
105
105
105
105
105
105
105
105
105
105
105
105
105
105
105
105
43
43
43
43
104
104
43
43
105
105
105
105
105
105
105
43
43
43
43
43
43
43
43
43
43
43
43
43
43
43
42
42
42
42
42
42
42
42
43
43
43
43
43
43
43
42
42
42
42
42
42
42
42
42
42
42
42
42
42
42
45
45
45
45
44
44
45
45
44
44
44
44
44
45
44
45
45
45
45
45
45
45
45
45
45
45
45
45
45
45
50
50
50
50
50
50
50
50
50
50
50
50
50
50
50
50
50
50
50
51
50
50
50
50
50
51
50
50
50
50
48
48
48
48
48
48
48
48
48
50
48
48
48
48
48
49
49
49
49
48
48
49
49
48
48
48
48
48
48
48
49
49
49
49
49
49
49
49
49
49
49
49
49
49
49
97
97
97
97
96
96
97
97
97
97
96
96
96
96
96
97
98
97
97
97
100
96
97
97
97
97
98
98
98
98
98
98
98
98
98
98
98
98
98
98
98
110
110
98
98
98
98
98
110
110
110
110
110
110
110
110
110
110
110
108
108
108
108
108
108
110
108
108
110
110
108
108
108
108
111
111
111
111
111
111
111
104
104
104
104
105
104
104
104
104
104
104
104
104
104
104
104
104
104
104
104
104
104
41
41
104
104
43
43
104
41
104
104
41
41
41
41
41
42
43
43
43
43
43
43
40
40
40
40
42
42
42
42
42
42
42
44
44
40
40
44
44
42
42
42
42
42
44
44
44
44
44
44
44
44
44
44
44
51
51
45
45
45
45
45
45
45
45
45
51
50
51
51
51
51
45
45
51
51
45
48
51
51
51
50
50
51
50
51
50
51
52
52
48
48
48
48
48
50
48
50
48
52
52
52
52
49
49
48
48
48
48
48
49
49
49
49
49
49
49
49
49
49
49
97
97
97
97
97
97
97
97
97
97
97
97
97
97
97
103
103
103
103
98
98
97
97
97
97
97
98
98
103
103
98
98
103
98
98
98
98
100
100
100
100
100
100
98
98
98
98
98
100
100
100
100
108
108
100
100
100
100
100
108
108
108
108
108
108
108
108
108
108
108
108
107
108
108
108
108
108
108
108
108
108
107
107
107
107
107
104
107
107
107
107
107
106
106
107
107
104
104
107
107
107
107
107
41
41
106
106
41
41
104
104
104
104
104
41
41
41
41
41
41
41
41
41
41
41
40
40
40
40
40
40
40
40
40
40
40
40
40
40
40
40
40
40
40
40
40
40
47
44
44
44
44
44
44
44
44
44
44
47
47
47
47
51
51
47
47
47
47
47
51
51
54
54
51
51
51
51
51
51
51
55
55
54
51
51
51
51
51
51
51
55
55
55
55
55
52
52
55
55
55
51
55
52
52
52
52
52
49
52
52
52
52
55
52
52
52
53
52
52
52
52
52
52
52
102
102
102
102
103
103
102
102
103
103
103
103
103
103
103
103
103
102
102
103
103
103
103
103
103
103
101
101
103
103
103
103
103
103
103
103
103
101
101
101
101
100
100
100
100
100
100
100
100
100
100
100
100
100
100
100
100
100
100
109
109
100
109
109
109
109
109
109
100
109
109
109
109
109
107
107
109
109
109
109
109
107
107
107
107
107
107
107
107
107
107
107
106
106
106
106
106
106
107
107
107
107
107
106
106
106
106
106
106
106
106
106
106
106
36
36
36
36
41
41
41
41
41
41
41
46
46
36
36
40
40
41
41
41
41
41
46
46
46
46
40
46
40
40
40
40
40
47
47
47
46
47
44
46
46
46
46
46
47
47
47
47
47
47
47
47
47
47
47
54
54
54
54
54
54
54
54
54
54
54
55
55
54
54
55
55
54
54
54
54
54
55
61
55
55
55
55
55
55
55
55
55
53
53
53
52
55
52
55
55
52
55
55
53
56
53
53
52
52
52
52
52
52
53
102
102
102
102
102
102
102
102
102
102
102
102
102
102
102
102
102
102
102
102
102
102
102
102
102
102
101
101
101
101
101
101
101
101
101
101
101
121
101
101
101
101
101
101
101
101
101
101
118
118
101
101
109
101
101
101
101
101
101
118
118
109
118
109
109
109
109
109
109
109
118
118
118
118
109
109
109
109
109
118
109
116
116
118
117
106
106
109
118
118
109
109
116
116
116
116
106
106
106
106
106
106
106
36
36
116
116
36
36
106
106
106
106
106
36
36
36
36
36
36
36
36
36
36
36
46
46
36
36
46
46
36
36
36
36
36
46
46
46
46
46
46
46
46
46
46
46
33
33
33
33
47
47
46
46
46
46
46
60
60
47
47
47
47
47
47
47
47
47
60
60
60
60
54
54
54
54
54
54
54
54
61
60
60
54
54
54
54
54
54
54
53
53
61
53
53
53
55
55
55
55
55
53
53
53
53
53
53
53
53
53
53
53
53
53
53
53
53
53
53
53
53
56
53
126
126
126
126
126
126
126
126
126
126
126
126
126
126
126
126
120
126
126
126
126
126
126
126
126
126
120
120
120
120
121
121
120
120
120
101
120
121
121
121
121
121
121
121
121
121
121
121
118
121
121
121
118
118
121
121
121
121
121
118
118
118
118
118
118
118
118
118
118
118
117
117
118
118
118
118
118
118
118
118
118
117
117
117
117
116
116
117
117
117
117
117
116
116
116
116
116
116
117
116
116
116
116
116
116
116
116
116
116
116
36
116
116
116
37
37
37
37
36
37
36
36
36
36
36
37
37
37
37
37
37
37
37
37
37
37
32
32
32
32
33
33
33
33
46
33
46
33
33
33
33
33
33
33
33
33
33
33
60
60
33
33
33
60
33
33
33
33
33
60
60
60
60
60
60
60
60
33
60
60
61
61
60
60
61
61
60
60
60
60
60
61
61
61
61
61
61
61
61
61
61
61
56
56
57
56
56
56
56
56
56
56
53
56
56
56
56
56
56
56
56
56
56
56
127
127
127
127
127
127
127
126
126
126
127
127
127
126
127
120
120
126
126
120
120
126
126
126
126
126
120
120
120
120
120
120
120
120
120
120
120
122
122
121
121
121
121
121
121
121
121
121
119
119
122
122
119
119
121
121
121
121
121
119
119
119
119
119
119
119
119
119
119
119
117
117
119
119
117
117
119
119
119
119
119
117
117
117
117
117
117
117
117
117
117
117
112
112
112
112
117
117
117
117
117
117
117
38
38
112
116
37
37
116
116
116
116
116
37
37
38
38
37
37
37
37
37
37
37
32
32
37
37
37
37
37
37
37
37
37
32
32
32
32
32
32
32
32
32
32
32
35
35
32
35
32
32
32
32
32
32
32
35
35
35
35
60
60
33
33
33
33
33
62
62
62
62
60
60
60
60
60
62
60
61
61
62
62
61
61
61
61
61
61
61
57
57
61
61
61
61
61
61
61
61
61
57
57
56
57
56
56
57
57
57
57
57
56
56
56
56
56
56
56
56
56
56
56
127
127
127
127
127
127
127
127
127
127
127
127
127
127
127
125
125
125
127
120
120
127
127
127
127
127
125
125
120
120
120
120
120
120
120
120
120
122
122
122
122
122
122
122
120
122
122
122
122
119
122
122
119
122
122
122
122
122
122
114
114
119
119
119
119
119
119
119
119
119
114
114
114
114
114
114
114
114
114
119
119
112
112
114
114
112
112
114
114
114
117
112
112
112
112
112
112
112
112
112
112
112
112
38
38
112
112
38
38
112
112
112
112
112
38
38
38
38
38
38
38
38
38
38
38
39
39
39
39
32
32
38
38
38
38
38
34
34
32
32
32
32
32
32
32
32
32
35
35
34
34
35
35
35
35
35
35
35
35
35
35
35
35
35
35
35
35
35
35
62
62
63
62
62
62
62
62
62
62
62
62
62
62
62
62
62
62
62
62
62
62
57
57
59
59
57
57
57
57
57
57
62
58
57
57
57
57
57
57
57
57
57
57
58
58
58
58
57
57
57
57
57
57
57
124
124
124
124
127
124
124
127
125
124
124
124
124
124
127
125
125
125
125
125
125
125
125
125
125
125
125
125
125
125
125
125
125
125
125
125
125
123
123
123
123
122
122
123
122
122
123
122
123
123
123
119
122
122
122
122
122
122
122
115
115
115
115
115
114
114
114
114
122
114
115
115
115
115
114
114
114
114
114
115
114
113
113
114
114
114
114
114
114
114
114
114
113
113
113
113
112
112
113
113
112
113
113
38
38
113
113
38
38
112
112
112
112
112
39
39
38
38
39
39
38
38
38
38
38
39
39
39
39
39
39
39
39
39
39
39
34
34
39
39
34
34
39
39
39
34
39
34
34
34
34
34
34
34
34
34
34
34
63
63
35
35
63
63
35
35
35
35
35
63
63
63
63
63
63
63
63
63
63
63
59
63
62
62
59
59
62
62
62
62
62
59
59
59
59
59
59
59
59
59
59
59
58
58
58
58
58
58
58
58
58
58
58
58
58
58
58
58
58
58
58
58
58
58
124
124
71
124
127
124
124
124
124
124
124
124
124
124
124
70
70
124
124
125
125
124
124
70
125
124
123
123
70
70
123
123
125
125
125
125
125
123
123
123
123
123
123
123
123
123
123
123
123
123
123
123
123
123
123
123
123
123
123
115
115
115
115
115
115
115
115
115
115
115
115
115
115
115
115
115
115
115
115
115
115
113
80
115
82
113
113
115
113
113
115
115
113
113
113
113
113
113
113
113
113
113
113
12
12
113
80
113
113
113
113
113
113
113
12
12
12
12
39
39
12
12
12
12
12
15
15
39
39
39
39
39
39
39
39
39
15
15
15
15
34
34
15
15
15
15
15
34
34
15
34
34
34
34
34
34
34
34
63
63
1
1
63
63
34
34
34
35
34
0
0
63
63
63
63
63
63
63
63
63
0
0
0
0
59
59
63
63
63
63
63
59
59
59
59
59
59
59
59
59
59
59
4
4
59
59
58
58
59
59
59
59
59
4
4
4
4
58
58
58
58
58
58
58
71
71
71
71
71
71
124
71
124
124
71
71
124
71
71
70
70
70
70
124
70
70
124
70
70
124
70
70
70
70
70
70
70
70
70
70
70
65
64
64
64
65
65
65
65
65
65
123
65
65
65
65
65
65
65
65
65
65
65
82
82
65
82
82
82
82
82
82
82
82
82
82
82
82
82
82
82
82
82
82
82
81
81
81
82
80
80
82
82
80
82
82
80
80
81
81
80
80
80
80
80
80
80
12
12
80
80
12
12
80
80
80
80
80
12
12
12
12
12
12
12
12
12
12
12
15
15
13
13
15
15
12
12
12
12
12
15
15
15
15
15
15
15
15
15
15
15
1
1
15
15
15
15
15
15
15
15
15
0
1
1
1
0
0
1
1
1
1
1
0
0
1
1
0
0
0
0
0
0
0
0
0
0
0
0
0
0
0
0
0
0
5
5
5
5
5
5
5
5
5
5
5
4
4
5
5
4
4
4
4
4
4
4
4
4
4
4
4
4
4
4
4
4
4
71
71
71
71
71
71
71
71
71
71
71
71
71
71
71
70
68
68
68
70
70
71
71
71
68
70
64
64
70
70
64
64
70
70
70
70
70
64
64
70
64
65
64
64
64
64
64
64
65
65
65
65
65
65
65
65
65
65
65
83
83
83
83
82
82
65
65
65
65
65
83
83
83
83
82
81
82
82
82
82
82
81
81
81
81
81
81
82
81
81
81
81
81
81
81
81
81
81
81
81
81
81
81
80
80
80
80
80
80
80
80
80
80
80
13
13
13
13
13
13
12
12
12
12
12
13
13
13
13
13
13
13
13
13
13
13
14
14
14
14
14
14
14
14
14
14
14
14
14
14
14
1
1
14
14
14
14
14
1
1
1
1
1
1
1
1
1
1
1
2
2
1
1
1
1
1
1
1
1
1
2
2
2
2
5
5
0
0
0
0
0
5
5
5
5
5
5
5
5
5
5
5
6
6
5
5
5
5
5
5
5
5
5
6
4
6
6
4
4
4
4
4
4
4
69
69
68
68
68
71
69
69
68
68
71
71
71
71
71
68
68
68
68
68
68
68
68
68
68
68
64
64
68
68
64
64
68
68
68
68
68
64
64
64
64
64
64
64
64
64
64
64
66
66
66
66
83
83
64
64
64
64
64
83
83
83
83
83
83
83
83
83
83
83
86
83
83
83
83
83
83
83
83
83
83
86
86
86
86
81
81
83
83
83
83
83
86
86
86
86
81
81
81
81
81
81
81
10
10
10
10
13
10
80
80
80
10
80
10
13
10
10
13
13
13
13
13
13
13
8
8
13
13
13
13
13
8
13
13
13
14
8
8
8
14
14
14
14
8
14
14
3
3
14
14
14
14
14
14
14
14
14
3
3
3
3
3
3
3
3
3
3
3
2
2
3
3
2
2
3
3
3
3
3
2
2
2
2
2
2
2
2
2
2
2
7
7
7
7
7
7
7
7
7
7
7
6
6
7
7
6
7
7
6
6
6
7
6
6
6
6
6
6
6
6
6
6
6
69
69
69
69
69
69
69
69
68
69
69
69
69
69
69
67
67
69
69
67
68
67
68
68
68
68
67
66
67
67
67
67
68
68
68
67
67
66
66
67
67
66
66
67
67
67
67
67
66
66
66
66
66
66
66
66
66
66
66
84
84
84
84
84
84
84
84
84
84
84
85
85
85
85
86
86
84
84
84
84
84
86
86
86
86
86
86
86
86
86
86
86
87
87
86
86
86
86
86
86
86
86
86
10
10
87
87
10
10
86
86
86
10
10
10
10
10
10
10
10
10
10
10
10
10
8
8
11
11
8
8
10
10
10
8
10
8
8
8
8
8
8
8
8
8
8
8
9
9
9
9
9
9
9
9
9
9
9
9
3
9
9
3
3
3
3
3
3
9
2
2
3
3
2
2
3
3
3
3
3
29
2
2
2
2
2
2
2
2
2
2
7
7
7
7
7
7
7
7
7
7
7
7
6
7
7
6
6
7
7
7
7
7
6
6
6
6
6
6
6
6
6
6
6
77
77
69
77
69
69
77
77
69
69
69
77
69
69
69
76
76
69
69
67
67
69
69
69
69
69
67
67
66
67
67
66
67
67
67
67
66
66
66
67
67
67
66
67
67
67
67
66
84
84
66
66
66
66
66
66
66
66
66
84
84
84
84
84
84
84
84
84
84
84
85
85
85
85
85
85
85
85
85
85
85
87
87
85
85
85
87
85
85
85
85
85
87
87
87
87
87
87
87
87
87
87
87
87
87
87
87
87
87
87
10
87
87
87
11
11
11
11
11
11
10
10
10
10
10
11
11
11
11
8
8
11
11
11
11
11
8
8
8
8
8
8
8
8
8
8
8
9
9
9
9
9
9
9
9
9
9
9
23
23
9
23
9
9
9
9
9
9
9
23
23
23
23
29
29
23
23
23
23
23
29
29
29
29
29
29
29
29
29
29
29
29
29
29
7
31
29
29
29
29
29
29
30
31
31
31
31
31
31
31
31
31
31
31
31
31
30
31
31
31
31
31
31
31
77
77
77
77
77
77
77
77
77
77
77
77
77
77
77
76
76
76
76
76
76
76
76
76
76
76
76
76
79
76
78
76
76
76
76
76
76
78
78
78
78
78
78
67
78
78
78
78
78
78
78
78
78
78
78
78
78
78
78
94
94
94
94
84
84
84
84
84
84
84
94
85
94
94
85
85
85
85
85
94
85
89
89
95
95
85
87
85
85
85
85
85
88
88
89
89
87
87
87
87
87
87
87
88
88
88
88
11
88
88
88
88
88
88
11
11
18
11
11
11
11
11
11
11
11
19
19
11
18
11
11
11
11
11
11
11
22
22
19
19
22
22
19
19
19
19
19
22
22
22
22
23
23
22
22
22
22
22
23
23
23
23
23
23
23
23
23
23
23
28
28
23
23
23
23
23
23
23
23
23
28
28
28
28
29
29
28
29
29
28
28
30
30
29
29
29
29
28
29
29
29
29
31
30
30
30
29
31
31
31
31
30
31
30
30
31
30
31
31
31
31
31
31
31
77
77
74
74
77
77
77
77
77
77
77
77
77
77
77
79
76
74
74
76
76
76
76
76
76
76
76
79
79
79
76
79
76
76
76
79
76
79
79
79
79
78
78
79
79
78
79
79
78
94
78
78
94
94
78
78
78
78
78
94
94
94
94
94
94
94
94
94
94
94
95
95
95
95
94
94
94
94
94
94
94
89
89
95
95
89
89
95
95
95
89
95
89
89
89
89
88
88
89
89
89
89
89
88
88
88
88
88
88
88
88
88
88
88
18
18
18
18
18
18
18
18
88
18
18
18
19
18
18
19
19
18
18
18
18
18
19
19
19
19
22
22
19
19
19
19
19
22
22
22
22
22
22
22
22
22
22
22
21
21
21
21
22
22
22
22
22
22
22
28
28
21
21
28
28
28
28
28
28
28
28
24
28
28
28
28
28
28
28
28
28
30
30
24
24
30
30
28
28
28
28
28
30
30
26
30
30
31
30
30
30
30
30
30
30
30
30
30
30
30
30
30
30
30
74
74
74
74
74
74
74
74
74
74
74
74
74
74
74
79
74
75
74
74
74
74
75
74
74
74
73
79
79
79
74
79
79
79
79
79
79
72
72
79
79
79
79
79
79
79
79
79
92
92
72
72
94
94
78
78
78
72
79
95
95
92
92
95
95
94
94
94
94
94
95
95
95
95
95
95
95
95
95
95
95
89
89
95
95
89
89
95
95
95
95
95
89
89
89
89
89
89
89
89
89
89
89
91
91
91
91
88
88
88
88
88
88
89
18
18
91
91
18
18
18
88
88
18
18
18
16
16
18
18
18
18
18
18
18
18
17
17
17
17
19
19
19
19
19
19
19
21
21
19
17
21
21
19
19
19
19
19
21
21
21
21
21
21
21
21
21
22
21
24
24
21
21
24
28
21
21
21
21
21
24
24
25
24
24
28
24
24
24
24
24
24
24
24
24
24
24
24
24
24
24
24
26
26
26
26
26
26
26
26
26
26
26
26
26
26
26
26
26
26
26
30
26
26
73
75
75
74
75
75
75
75
75
74
75
75
74
75
75
73
75
73
73
73
75
74
74
74
74
74
73
79
73
73
72
72
73
73
73
73
73
72
72
72
72
72
72
72
72
72
72
72
92
92
72
72
92
92
72
72
72
72
72
92
92
92
92
92
92
92
92
92
92
92
93
93
93
93
95
93
93
93
95
93
93
90
93
93
93
93
90
93
93
93
93
93
90
90
90
90
91
91
90
90
90
90
90
90
91
90
91
91
91
91
91
91
91
91
16
16
91
91
91
91
91
91
91
91
91
16
16
16
16
17
17
16
16
16
16
16
17
16
17
17
17
17
17
17
17
17
17
17
17
17
17
21
21
17
21
17
17
17
20
20
20
20
21
21
21
20
21
21
21
20
25
20
20
25
25
20
20
20
20
20
25
25
25
25
24
24
25
25
25
25
25
27
27
24
25
24
24
24
24
24
24
24
27
27
27
27
26
26
27
26
26
27
26
26
26
27
27
26
26
26
26
26
26
26
75
75
75
75
75
75
75
75
75
75
75
73
75
75
75
73
73
75
75
73
73
75
75
75
75
75
73
72
73
73
73
73
73
73
73
73
73
72
72
73
73
72
72
73
73
73
73
73
92
92
72
72
92
92
72
72
92
72
72
92
92
92
92
92
92
92
92
92
92
92
93
93
93
93
93
93
93
93
93
93
93
90
90
93
93
90
90
93
93
93
93
93
91
90
90
90
90
90
90
90
90
90
90
91
90
90
90
90
91
90
90
90
90
90
16
16
91
91
16
16
91
91
91
91
91
16
16
16
16
16
16
16
16
16
16
16
17
17
16
16
17
17
16
16
16
16
16
20
20
17
17
20
20
17
17
17
17
17
20
20
20
20
20
20
20
20
20
20
20
25
25
20
20
25
25
20
20
20
20
20
25
25
25
25
25
25
25
25
25
25
25
27
27
25
25
27
27
25
25
25
25
25
27
27
27
27
27
27
27
27
27
27
27
27
27
27
27
27
27
27
27
27
27
27
