33
33
33
33
33
33
32
32
32
32
32
32
33
33
33
33
33
33
34
34
35
34
34
34
34
34
34
34
34
34
34
32
32
32
32
32
32
32
32
32
32
32
16
16
16
33
33
16
33
33
33
33
33
33
1
1
1
1
1
1
16
16
16
16
16
16
35
35
32
35
35
35
16
16
33
33
33
33
36
36
32
32
32
32
33
33
33
33
33
33
34
35
34
35
34
34
40
35
35
35
35
34
34
35
35
34
34
34
47
47
47
47
46
47
46
47
47
47
47
47
47
47
46
47
47
47
34
34
34
47
34
34
47
34
47
47
47
47
45
45
47
47
47
47
34
32
32
32
34
34
16
16
16
16
16
16
32
32
32
32
32
32
16
16
16
16
16
16
1
0
0
0
1
1
1
0
1
1
1
1
1
1
0
1
33
1
1
0
0
1
1
1
18
18
18
18
18
18
35
39
35
39
35
39
35
39
39
39
35
39
18
18
18
18
18
18
36
36
35
36
36
35
37
37
37
37
37
37
36
36
36
36
36
36
36
36
36
36
36
36
35
34
40
35
35
35
35
39
35
35
35
35
40
39
39
39
39
39
39
39
39
39
39
39
46
46
35
46
46
46
46
46
47
46
46
46
45
45
45
45
45
45
46
46
47
47
47
47
0
0
0
0
47
0
45
45
45
45
45
45
45
45
45
45
45
45
16
16
16
16
16
17
18
18
18
18
18
18
1
4
0
0
0
0
17
16
2
16
17
17
0
0
0
0
0
0
17
2
2
2
2
2
5
0
0
0
5
5
2
2
2
2
2
2
0
0
0
0
0
0
2
2
2
2
2
2
18
18
18
18
18
18
38
39
38
39
38
39
19
19
18
19
19
19
39
39
39
39
39
39
38
38
38
38
38
38
19
19
19
19
19
19
39
39
38
36
36
38
37
37
37
37
37
37
36
36
36
37
36
36
37
37
37
37
37
37
46
46
46
46
40
46
40
40
40
40
40
40
40
40
39
42
40
42
42
42
42
42
42
42
45
45
45
45
45
45
46
46
46
46
46
46
45
45
44
44
44
45
46
46
44
46
46
46
4
4
4
4
4
4
4
4
4
4
4
4
4
4
4
4
4
4
4
4
4
4
4
4
62
48
43
17
17
17
17
17
17
17
17
17
22
22
22
22
22
17
18
22
22
22
22
22
18
22
22
22
22
22
23
23
23
23
23
23
5
5
5
5
5
5
17
2
17
17
17
17
5
5
1
5
5
5
2
2
2
2
2
2
5
3
5
5
5
5
2
2
2
3
2
2
3
3
3
3
3
3
3
3
3
2
3
3
10
10
10
10
10
10
43
62
43
43
43
43
28
23
25
25
28
28
42
42
42
42
38
42
19
19
19
19
18
19
38
38
38
38
38
38
19
19
19
19
19
19
38
38
38
38
38
38
19
19
19
19
19
18
38
38
38
38
38
38
19
37
37
37
19
50
36
36
36
36
36
36
37
37
37
37
37
37
44
44
44
44
44
44
44
44
44
44
44
44
41
40
40
40
40
40
42
42
42
42
42
42
40
40
40
40
40
40
42
43
42
42
42
42
43
43
43
43
41
43
44
45
44
44
44
45
40
40
40
40
40
40
44
44
44
44
44
44
58
58
58
58
58
58
5
5
5
5
5
5
1
1
1
1
1
1
4
4
4
4
4
4
10
10
10
10
10
10
17
17
17
17
17
17
22
21
22
21
21
21
22
20
22
22
22
22
23
23
23
25
28
23
22
22
22
22
22
22
23
23
23
23
23
20
5
5
5
5
5
5
17
21
17
21
17
21
6
6
6
6
6
6
3
17
3
3
3
3
3
3
3
3
3
3
3
3
3
3
3
3
10
10
10
10
10
10
27
8
27
8
27
8
10
10
10
10
10
10
27
27
27
27
27
27
58
58
59
59
59
58
58
58
58
58
58
58
59
58
59
58
59
58
62
58
62
58
58
58
43
43
43
43
43
43
62
62
62
62
62
62
28
28
28
28
28
25
42
42
42
42
42
42
28
28
28
28
28
25
63
63
63
63
63
63
28
28
28
29
29
29
63
63
63
63
63
63
50
50
29
29
29
50
49
49
49
49
49
49
19
37
50
50
19
50
48
48
48
48
48
48
50
50
50
50
50
50
48
48
48
48
48
48
50
50
50
50
48
48
13
13
13
11
13
11
13
13
13
13
15
13
15
15
13
15
13
15
100
100
100
15
100
100
100
100
100
100
13
100
41
41
44
44
44
44
43
62
42
43
43
43
41
40
43
41
41
41
43
41
43
41
43
41
43
43
41
41
41
43
41
41
41
44
41
41
41
41
41
41
41
41
11
11
11
11
11
10
6
6
6
6
6
6
11
10
10
10
10
10
6
6
6
6
6
6
7
7
7
9
9
9
21
21
21
21
21
17
24
23
24
23
24
25
21
22
21
21
20
21
24
23
23
23
24
24
20
20
20
22
20
22
23
23
23
20
20
23
24
25
25
25
25
25
6
6
6
6
6
6
21
21
21
21
21
21
7
7
7
7
7
7
7
7
3
7
7
7
8
9
8
8
8
8
100
100
100
100
100
100
13
10
11
8
11
11
11
11
11
11
11
11
11
11
11
11
11
11
8
8
8
8
13
13
8
27
27
27
8
27
11
59
11
11
11
11
27
26
8
27
27
27
27
27
27
27
12
27
59
59
58
59
59
59
26
26
26
26
24
26
59
59
58
58
58
58
59
58
57
58
59
59
26
26
23
23
26
26
62
58
62
58
62
62
62
56
62
62
62
62
28
26
28
28
26
28
56
56
56
56
62
56
28
28
28
29
28
28
56
63
56
63
56
62
29
29
28
29
29
29
63
63
63
63
63
63
29
29
29
29
29
29
49
49
49
49
49
49
50
37
50
50
50
37
49
49
48
48
48
48
52
52
50
50
50
50
48
48
48
48
48
48
50
50
50
48
50
48
8
8
8
13
13
13
14
14
14
14
14
14
14
14
15
15
15
14
15
15
66
66
66
66
100
100
100
100
100
100
100
66
65
65
66
66
13
8
13
13
8
8
13
13
100
13
13
15
13
100
101
101
101
100
13
100
101
101
101
101
98
98
99
100
100
98
98
98
98
98
98
98
98
99
99
99
99
99
41
41
41
41
41
41
8
9
9
9
9
9
6
6
6
6
6
6
9
9
9
9
7
9
24
25
24
24
24
24
20
21
21
21
21
21
24
24
24
25
24
24
20
20
20
20
23
20
23
20
20
20
20
23
8
9
8
8
8
8
27
9
25
9
27
25
24
26
24
24
24
24
24
25
25
25
25
24
7
7
7
7
7
6
21
20
21
20
21
21
7
7
7
7
7
7
9
9
9
9
9
9
98
98
98
98
98
98
66
66
66
66
66
66
98
98
98
66
99
99
12
12
8
12
12
12
12
27
12
12
12
12
14
14
11
11
11
14
14
14
14
14
14
14
27
27
27
27
8
12
12
102
12
12
104
102
59
59
59
59
59
59
26
26
26
26
26
26
59
59
59
59
59
59
57
57
57
57
57
57
104
26
26
26
104
26
62
62
56
56
62
56
60
60
60
60
60
60
31
31
31
31
31
31
62
56
56
56
62
56
31
31
31
31
28
28
62
63
62
56
62
56
29
29
29
29
29
29
63
63
63
63
63
63
29
50
51
51
29
29
63
49
63
49
63
63
51
51
51
51
50
51
49
49
49
49
49
49
51
51
51
51
51
51
52
52
49
49
49
52
52
52
52
51
51
52
12
101
8
12
12
12
106
12
12
101
106
12
15
14
14
14
14
14
15
15
15
15
15
15
65
65
65
65
65
65
65
65
66
66
66
66
66
66
66
66
66
66
99
119
119
119
99
119
98
99
99
67
99
99
99
99
99
99
99
99
101
101
101
101
13
13
103
102
12
102
12
102
100
101
101
101
101
100
102
102
102
102
102
102
13
101
101
13
101
101
102
101
102
101
102
102
101
101
101
101
96
96
97
98
97
98
96
96
98
98
96
96
99
96
98
98
98
96
96
98
96
96
99
99
96
99
98
96
96
97
97
96
99
96
99
96
99
99
96
96
96
96
96
96
119
119
119
119
119
119
116
119
119
116
116
119
119
116
116
116
116
116
9
9
7
9
9
9
24
24
24
24
24
24
20
20
20
25
20
23
20
20
20
20
20
20
25
25
27
25
27
25
25
25
25
7
7
7
66
66
66
66
66
66
67
66
67
67
67
67
98
98
67
67
67
67
91
91
67
91
91
91
26
12
12
12
12
26
104
102
104
104
12
106
14
14
14
14
14
14
15
15
15
15
15
15
102
26
102
26
26
26
59
59
61
61
61
61
57
57
57
57
57
57
104
26
104
26
104
104
61
61
56
61
61
61
60
55
60
60
60
60
104
28
31
31
31
31
61
56
56
56
61
61
31
28
31
31
31
31
56
56
56
56
56
56
29
29
30
30
29
29
54
54
54
54
54
54
30
30
30
30
30
30
52
54
52
52
52
52
51
51
51
51
51
51
52
52
52
49
52
49
51
52
30
51
51
51
49
52
52
52
52
49
52
52
51
51
51
52
118
118
118
118
118
99
104
104
102
102
12
12
104
102
104
104
104
104
15
15
15
15
15
15
65
65
65
65
65
65
65
65
65
65
65
65
64
64
64
64
64
64
67
70
67
67
67
67
119
116
116
116
99
99
118
118
118
118
118
118
103
103
103
103
103
103
102
103
103
103
103
102
101
105
102
103
101
103
103
103
103
103
103
103
116
116
126
116
116
117
103
101
102
101
103
103
97
97
103
103
103
97
97
97
97
97
97
103
97
96
97
96
96
97
96
96
119
96
96
96
97
97
97
97
97
97
126
119
119
119
126
126
119
119
116
119
119
119
126
116
116
116
126
126
116
116
126
116
116
116
25
25
7
25
9
25
70
90
90
90
90
90
67
67
91
67
67
67
90
67
67
67
67
67
91
91
91
91
91
91
118
118
118
118
118
118
91
91
91
67
91
91
91
91
91
91
91
91
104
102
104
104
104
104
57
57
57
57
57
57
60
57
60
57
60
57
57
57
57
57
57
57
65
65
65
65
65
65
104
102
104
102
105
104
60
60
61
61
57
60
55
60
68
68
68
55
31
31
31
31
31
31
61
61
61
61
61
61
111
111
111
31
31
111
61
55
61
61
61
61
30
30
30
30
30
30
54
55
54
54
54
54
30
30
30
30
51
30
54
54
54
54
54
54
51
51
30
30
30
30
54
54
52
52
49
54
53
53
53
30
53
30
53
52
53
52
53
49
52
53
53
53
30
53
118
118
118
118
118
118
104
102
104
102
104
103
65
65
56
56
56
65
64
64
64
64
64
64
64
64
64
64
64
67
70
70
70
64
70
64
70
64
64
64
64
64
70
70
70
70
70
70
70
70
67
67
67
70
70
70
70
90
70
70
70
70
70
70
70
69
117
117
116
117
117
117
105
106
105
105
105
105
106
103
106
103
103
103
117
113
117
116
117
117
116
117
116
117
117
116
106
97
97
97
97
97
126
97
97
97
126
126
126
119
126
119
126
126
126
119
119
119
119
119
126
127
126
127
127
126
124
116
124
126
124
116
117
117
117
117
117
117
71
71
71
71
72
69
71
71
71
71
71
71
71
71
71
72
72
71
90
9
90
90
72
9
90
90
90
70
90
90
90
91
91
91
90
91
90
90
90
91
91
70
118
118
114
115
115
114
94
118
94
118
118
118
94
94
94
91
91
94
95
95
95
95
95
95
95
95
95
70
95
95
105
102
105
104
105
105
60
60
60
60
60
60
68
68
68
64
68
68
64
64
64
64
64
68
68
68
69
69
69
68
105
105
105
105
105
30
60
60
60
60
60
60
111
111
111
31
111
31
61
61
61
61
61
61
111
111
111
31
31
111
54
54
54
54
54
54
110
110
110
30
110
30
55
55
55
55
55
55
30
110
110
110
53
110
55
55
55
55
55
55
53
110
53
53
53
53
53
53
53
48
53
48
53
53
53
53
53
53
118
112
113
113
113
117
105
105
105
105
105
105
88
90
88
90
90
88
68
68
68
68
68
68
69
69
71
69
69
72
69
69
69
71
69
69
69
69
69
69
71
72
69
69
69
69
70
70
72
69
71
71
69
69
118
117
113
117
113
117
106
106
106
106
106
106
106
106
106
106
106
111
117
117
117
117
117
117
97
107
97
107
126
107
126
126
126
107
126
107
126
127
126
127
127
126
126
127
126
127
127
127
125
125
125
125
125
117
124
127
124
124
126
124
124
117
124
125
125
125
72
71
71
71
72
72
71
71
72
72
72
71
88
88
88
88
88
88
88
88
88
90
88
88
93
90
90
90
90
90
95
95
93
93
93
93
112
112
112
112
113
112
94
115
115
115
114
115
115
115
115
115
115
115
93
95
93
93
93
95
94
94
94
115
94
94
92
95
92
95
95
95
115
95
95
95
95
95
105
105
105
105
105
105
68
64
68
68
68
68
68
68
68
71
68
68
111
111
111
111
111
105
74
74
74
74
74
74
110
111
111
111
111
109
75
54
75
54
54
54
110
110
110
110
110
110
55
55
55
55
55
55
110
110
110
110
110
110
55
55
55
55
55
55
77
77
77
77
77
77
53
53
53
76
53
76
77
77
77
77
77
77
112
113
112
112
112
112
106
105
106
106
106
106
93
90
93
93
90
88
89
89
89
89
89
89
74
68
74
71
69
74
71
72
69
69
72
72
114
113
113
113
113
114
106
106
123
111
111
111
107
106
107
107
107
107
113
125
113
113
125
113
107
107
107
107
123
107
107
127
123
123
127
127
127
127
127
127
127
127
113
125
113
113
113
125
125
124
125
125
125
125
124
124
124
127
124
124
125
124
124
124
125
125
72
72
74
72
74
72
72
71
72
72
71
72
88
81
88
81
88
81
89
88
88
88
88
88
89
89
88
89
89
89
112
112
113
112
112
112
93
93
93
93
93
89
112
114
114
112
112
114
89
93
93
93
89
89
115
115
115
115
115
115
93
92
93
93
92
93
115
94
115
94
115
115
93
92
92
93
95
93
94
94
95
94
94
94
84
92
95
92
95
92
95
95
95
94
94
94
106
111
111
105
111
106
74
75
74
74
74
74
74
74
68
74
74
74
109
109
111
110
111
109
74
74
74
74
75
74
109
109
109
110
110
110
75
75
75
76
75
75
110
110
110
110
108
108
76
76
76
76
76
76
77
110
77
77
77
77
76
77
76
76
76
76
77
77
77
77
77
77
113
113
113
113
112
114
107
107
106
111
106
107
89
89
89
89
88
89
74
69
72
74
69
69
74
71
74
72
74
72
113
113
113
113
113
112
107
106
107
107
107
107
107
107
107
107
109
107
121
121
121
121
121
121
127
127
127
123
127
123
127
124
127
127
127
124
121
121
127
121
121
121
124
124
124
125
124
124
121
125
121
121
121
121
125
125
125
125
125
124
124
125
125
124
125
125
72
73
81
73
72
72
81
81
88
81
72
81
89
89
81
81
81
81
81
81
81
88
81
81
81
89
81
89
81
88
114
112
113
112
114
114
89
92
89
93
93
92
114
114
114
114
115
114
92
92
92
85
85
93
114
114
115
114
115
115
85
92
85
92
92
92
94
94
94
94
84
94
84
92
92
85
92
92
94
84
94
84
94
84
109
109
109
109
109
109
75
75
75
75
75
75
73
75
75
75
73
75
109
108
108
108
108
109
75
75
75
75
75
75
108
108
108
108
108
108
76
76
76
76
76
76
77
77
77
77
77
77
76
76
76
76
76
79
76
76
76
76
79
76
114
112
120
112
114
112
109
107
109
109
108
109
83
89
83
89
83
83
73
73
75
73
73
73
88
80
88
73
73
73
112
120
112
121
112
121
107
109
109
109
109
109
112
121
121
121
121
121
123
123
123
124
123
123
121
121
120
121
121
121
123
123
123
123
123
123
121
121
123
123
123
120
80
80
80
73
73
73
83
83
82
82
85
82
81
82
81
82
82
82
80
89
81
82
73
81
81
82
81
81
81
81
115
114
112
114
115
114
83
92
83
92
93
92
114
84
114
114
114
115
92
92
85
83
92
92
84
84
84
84
94
84
84
92
92
84
84
85
84
84
84
84
85
85
108
108
108
108
108
108
75
73
75
75
75
73
73
73
73
73
73
73
108
108
108
108
108
108
75
76
78
78
78
78
79
79
79
79
79
79
78
78
78
78
78
78
79
78
78
78
78
79
120
120
120
120
114
120
109
109
109
109
109
109
85
89
85
85
85
85
73
73
73
73
73
73
80
80
80
80
80
80
120
120
121
120
122
120
123
123
123
123
123
123
120
122
120
120
120
120
124
123
123
123
123
123
122
122
122
122
122
120
104
85
127
85
85
85
80
82
80
80
80
81
85
82
85
82
85
85
82
82
82
82
81
80
82
82
82
80
80
80
122
84
120
120
120
114
85
83
83
82
83
85
120
84
84
84
86
84
83
82
85
85
85
83
84
84
84
84
84
84
108
108
108
108
108
108
78
78
78
78
78
73
79
79
79
79
79
79
78
79
78
78
78
78
79
79
79
79
79
79
120
120
120
120
120
120
122
122
122
122
122
122
85
83
85
82
83
83
80
80
78
80
80
80
120
120
122
122
122
122
122
122
122
87
122
122
122
122
122
87
122
122
83
82
83
83
83
85
80
80
80
80
80
80
82
82
82
82
82
80
84
86
86
86
86
86
83
83
83
83
82
82
86
86
86
86
86
86
79
79
79
122
79
122
78
78
78
78
78
78
79
79
87
79
79
87
86
86
86
86
86
86
87
122
87
87
86
86
83
83
83
83
83
83
87
87
87
87
87
87
86
86
86
86
87
86
87
82
87
87
87
87
86
86
86
86
86
86
87
87
87
87
87
87
87
87
87
87
87
87
