19
33
33
33
1
16
32
32
33
33
33
33
34
33
33
33
33
32
34
33
33
34
33
34
35
32
34
34
34
34
32
32
32
32
34
32
47
32
32
0
32
32
1
16
16
16
16
16
32
32
0
0
32
32
1
0
2
0
1
16
16
16
18
16
16
33
33
35
35
35
35
35
33
1
33
16
33
37
35
33
33
33
33
33
19
33
37
33
33
33
34
34
34
35
34
34
35
35
34
40
1
1
35
46
34
34
34
34
34
34
34
34
47
35
47
35
46
46
47
47
47
35
47
45
47
47
47
34
32
34
34
34
45
47
47
47
47
34
47
46
47
45
45
47
47
32
47
32
47
32
16
16
16
16
16
18
1
32
32
32
32
32
16
16
16
16
16
16
32
0
0
0
1
1
1
2
1
2
1
2
1
0
0
0
1
1
1
2
1
0
1
2
18
18
18
16
18
18
35
35
39
35
36
35
39
39
39
39
39
39
18
18
18
18
18
19
35
35
36
33
39
36
37
37
37
37
37
37
1
33
36
36
36
36
36
37
37
36
36
36
35
35
34
35
46
35
35
40
35
40
46
40
39
39
35
39
39
39
39
39
39
39
39
39
46
35
34
46
46
46
46
35
46
46
40
35
45
45
45
45
47
34
35
46
45
45
47
45
0
47
47
32
47
47
47
47
47
5
47
47
4
45
45
45
45
45
18
16
18
17
18
18
17
18
18
18
16
19
0
32
0
32
0
32
17
16
2
16
16
16
0
0
0
0
1
1
2
2
2
2
2
2
1
5
0
0
1
1
1
2
2
2
2
2
1
3
2
3
1
1
1
2
3
2
2
2
22
19
22
19
19
22
38
39
38
39
38
38
19
18
19
19
19
19
39
39
39
39
36
38
38
38
39
39
38
39
19
19
19
19
18
18
36
36
36
36
36
33
37
18
37
18
37
50
36
1
36
36
36
37
18
37
37
37
37
36
46
40
39
40
46
40
40
40
40
40
40
40
40
40
40
40
40
40
38
42
42
42
42
42
45
4
45
45
45
45
46
45
46
46
46
46
46
45
45
45
45
45
46
46
45
45
45
46
0
0
5
5
0
0
0
0
4
4
5
4
45
4
4
4
10
4
4
4
4
4
4
4
62
48
43
17
17
17
17
17
18
17
18
17
22
17
18
18
18
17
22
22
22
22
22
22
22
22
22
22
22
22
23
23
23
23
23
23
0
0
5
5
5
0
2
17
2
17
2
17
5
5
5
5
5
5
21
17
2
2
21
2
3
3
5
3
5
5
3
2
3
3
2
7
3
3
3
3
5
3
7
7
3
3
3
3
10
10
4
10
10
4
43
43
62
43
43
62
23
23
23
23
23
23
38
42
42
42
42
42
19
19
19
19
19
19
38
38
38
42
38
38
19
50
50
19
19
19
38
38
48
39
38
38
19
19
19
50
19
19
38
48
36
48
36
36
50
37
50
37
37
37
36
37
36
36
36
36
37
37
37
37
37
37
44
44
44
44
44
44
44
44
44
44
44
10
40
41
40
40
39
40
42
42
42
42
42
42
40
40
40
40
40
40
41
42
42
42
42
42
43
43
43
43
43
43
44
44
44
44
44
44
46
41
40
46
46
41
44
46
44
44
44
44
58
58
41
58
58
58
5
5
5
5
5
4
4
4
4
4
4
4
4
4
4
4
4
4
4
10
10
10
10
10
17
17
17
17
17
17
17
17
22
17
17
17
22
22
22
22
22
22
23
23
23
23
23
23
22
22
22
23
22
22
23
23
23
23
23
23
6
6
5
5
5
5
17
17
21
21
21
17
3
6
5
5
5
5
21
21
21
21
21
21
3
3
3
3
3
3
3
3
3
3
3
3
59
10
10
10
10
10
8
8
8
8
8
8
59
59
10
10
10
10
27
27
27
27
27
27
58
59
59
59
44
59
58
58
58
58
59
58
58
58
58
58
58
58
58
43
58
43
58
43
43
43
43
43
43
43
62
62
62
62
62
62
28
28
28
28
28
28
42
42
42
42
42
42
23
28
28
28
29
28
42
63
42
63
63
63
29
29
29
29
28
29
63
63
38
38
38
63
50
29
50
29
50
50
38
38
38
38
38
38
50
50
50
50
50
50
48
48
48
48
48
38
50
50
37
37
50
50
48
48
36
48
48
48
48
48
48
48
48
48
11
14
11
11
11
11
14
14
14
14
14
14
14
14
100
14
14
14
100
100
101
100
100
100
101
100
100
100
100
100
58
44
44
44
44
44
43
43
43
42
43
43
41
41
41
41
46
41
41
41
41
41
41
41
43
43
41
43
43
43
41
46
41
41
44
41
41
41
58
41
41
41
11
11
11
11
11
11
6
6
6
6
6
6
9
10
10
10
10
11
6
6
6
6
6
6
10
10
10
10
10
6
17
21
21
21
21
21
24
24
24
24
24
24
21
20
21
21
21
20
24
24
23
24
23
24
22
20
20
20
22
20
20
24
23
23
22
23
25
27
27
27
25
25
6
6
6
6
6
6
21
21
21
21
20
21
7
7
7
7
7
7
7
7
7
7
7
7
8
8
8
8
8
8
100
100
100
100
100
101
8
11
11
11
11
11
11
11
10
10
11
56
11
14
11
14
11
11
8
8
8
8
8
8
12
12
12
12
12
12
11
59
11
59
59
59
8
27
8
27
8
27
27
27
27
26
27
27
56
59
59
59
59
59
24
27
24
27
27
27
59
58
59
59
58
58
59
56
56
56
56
59
28
26
24
26
28
26
58
58
58
58
58
58
62
62
62
62
62
62
28
28
28
28
28
28
62
63
62
62
62
63
28
28
28
28
28
28
63
63
62
63
63
63
29
29
29
29
29
29
63
63
63
63
38
63
29
50
29
29
29
29
63
48
49
49
49
49
50
50
50
50
50
50
62
49
49
62
49
49
51
51
51
50
50
50
48
48
48
62
48
48
51
48
48
48
48
50
14
13
12
12
11
11
14
14
14
14
14
14
14
14
14
14
14
14
100
100
100
100
100
100
100
100
100
100
100
100
66
100
66
66
66
66
13
14
13
13
12
13
13
13
101
13
13
13
101
13
101
101
101
100
101
101
101
101
101
100
102
101
101
101
101
98
98
99
98
98
98
98
99
99
99
99
99
98
41
41
41
41
41
43
9
9
9
9
9
9
6
6
6
6
6
6
9
9
9
9
9
9
24
24
24
24
24
24
21
20
21
20
21
20
24
24
24
24
24
24
20
20
20
20
21
20
20
24
20
24
20
20
8
8
8
8
8
8
25
27
8
27
8
27
24
27
24
27
24
27
25
25
25
25
25
25
6
7
7
7
7
7
20
7
20
20
20
20
7
7
7
7
7
7
9
9
9
9
9
9
66
66
66
66
66
66
66
66
67
66
66
66
99
99
65
99
99
99
12
12
12
12
12
12
12
12
12
12
12
12
11
59
59
59
11
11
56
56
15
14
15
14
12
26
12
27
27
27
26
104
104
26
104
104
59
56
59
15
59
59
26
26
26
26
26
26
56
56
56
56
56
59
56
56
56
61
57
56
26
26
26
26
26
26
56
61
56
56
56
61
60
60
60
60
60
60
28
31
28
31
31
31
62
61
62
62
62
61
28
31
28
28
28
31
63
63
63
63
63
63
29
29
29
29
29
29
63
63
54
63
63
54
29
29
29
29
30
29
49
49
49
49
62
49
51
51
51
51
51
51
48
49
49
49
49
49
51
51
51
51
51
51
49
49
49
49
49
49
51
51
49
49
51
51
12
12
12
12
12
13
13
13
13
13
13
13
15
15
15
15
15
14
15
65
15
15
15
15
66
66
15
65
15
65
66
66
64
66
65
66
66
66
66
66
66
65
119
119
99
119
119
119
99
99
99
99
99
67
118
118
99
99
99
99
13
13
13
13
13
13
13
104
13
104
13
102
13
101
101
101
101
13
102
104
103
102
102
102
102
101
101
101
101
101
102
102
102
102
102
102
102
101
101
101
101
101
98
102
98
98
98
98
103
98
98
98
98
98
98
98
98
98
98
98
118
119
99
99
96
99
98
98
98
98
98
99
99
119
99
99
99
99
96
96
96
96
96
97
119
119
119
96
119
119
119
119
119
96
119
96
116
116
119
116
116
116
9
9
9
9
9
9
25
25
25
25
25
25
20
20
9
20
20
20
25
20
25
25
25
25
8
25
25
27
25
25
9
7
9
9
9
7
65
66
67
67
67
67
66
67
67
67
67
67
67
91
67
67
67
67
118
91
91
91
91
91
12
26
12
12
13
26
104
104
104
104
104
104
15
15
15
15
59
15
15
15
15
15
15
15
26
26
26
26
26
26
56
56
57
56
56
56
57
57
57
57
57
57
26
31
26
31
26
31
56
61
56
61
56
61
60
60
60
60
60
60
31
31
31
31
31
31
61
61
62
61
62
61
31
31
31
31
31
31
61
61
62
54
54
54
31
30
30
29
30
30
54
54
54
54
63
54
30
30
30
30
30
30
54
54
54
49
54
49
51
30
51
51
51
51
52
52
52
49
54
49
51
51
51
51
51
51
52
52
49
52
52
55
52
52
52
52
52
52
118
118
118
118
118
118
103
104
103
104
13
104
103
104
104
104
103
104
65
15
15
15
15
57
65
65
15
65
65
65
66
65
64
64
65
64
64
64
64
64
70
64
67
64
70
67
67
67
119
119
119
119
119
119
118
118
99
118
118
118
103
104
103
104
103
102
103
102
103
103
103
103
102
102
103
102
102
102
103
97
103
103
103
97
116
119
117
116
116
116
102
102
103
102
102
102
97
97
97
97
97
97
97
102
98
97
98
97
97
97
98
97
97
97
97
96
96
96
96
96
97
97
97
96
97
97
96
96
96
96
96
96
119
96
119
96
96
96
116
96
119
96
119
116
116
116
116
116
116
116
25
25
25
25
25
25
90
90
90
90
90
90
67
67
67
67
67
66
70
67
67
67
90
67
67
91
91
91
91
91
118
118
118
115
118
118
118
91
91
91
91
95
91
91
91
91
91
91
103
104
103
104
104
26
57
57
57
57
57
57
57
57
57
57
57
57
65
65
57
57
57
57
65
65
65
65
65
65
105
31
105
31
105
31
61
61
57
57
56
57
60
60
60
60
60
60
105
105
31
31
105
31
61
54
61
61
61
61
30
31
30
30
30
31
61
54
54
54
54
74
30
30
30
30
30
30
54
54
54
54
55
54
30
30
30
30
30
30
52
54
54
54
54
54
53
110
110
53
110
53
52
52
52
52
52
52
53
53
53
53
53
53
52
52
52
52
52
52
52
52
53
52
53
53
118
118
118
118
118
118
103
104
103
104
104
104
65
65
65
65
65
65
64
64
64
64
64
64
64
64
65
64
64
64
64
70
64
64
64
70
64
64
64
64
64
70
70
70
70
70
70
70
70
68
70
70
70
70
70
70
70
70
70
70
70
70
70
70
71
70
119
119
118
118
119
118
103
102
103
102
103
102
103
106
103
106
103
106
117
117
116
117
117
117
116
117
117
117
117
116
103
97
106
106
97
97
97
97
96
97
97
97
126
96
126
126
126
126
126
96
126
126
116
126
116
126
126
96
116
116
116
117
116
116
116
116
117
117
117
117
117
116
69
71
69
71
69
71
71
71
71
71
71
90
71
71
71
71
90
71
90
90
90
90
89
90
90
90
90
90
90
90
91
91
91
91
67
91
91
91
91
95
93
91
115
115
115
115
115
115
115
115
115
115
115
115
95
95
95
95
118
95
92
95
95
95
93
95
95
95
93
95
95
95
105
105
105
105
105
105
61
61
57
57
57
60
60
60
60
60
60
60
68
68
61
68
65
68
68
60
68
68
68
60
105
31
105
105
105
105
61
60
61
61
61
74
111
111
111
111
111
111
74
74
74
74
74
74
111
30
30
111
30
111
74
74
55
74
74
74
110
110
110
110
110
110
55
54
55
55
55
55
110
110
110
110
110
53
55
55
55
52
55
55
53
53
53
110
53
53
53
52
53
53
77
53
53
53
53
53
53
53
117
112
112
112
112
112
105
105
105
105
105
105
89
90
89
90
90
89
68
68
68
68
64
68
69
69
69
69
69
69
69
68
69
69
69
69
69
69
69
69
69
69
70
71
70
71
70
71
69
69
69
69
72
69
117
117
112
117
112
117
106
106
106
106
106
106
106
106
106
106
106
126
117
125
117
117
117
117
106
126
106
126
106
126
126
126
126
126
126
126
126
127
126
126
126
126
124
127
124
126
124
124
125
125
125
125
125
117
124
117
124
124
116
124
125
125
124
125
125
124
71
71
71
71
71
71
71
71
71
71
71
71
88
88
88
88
88
88
89
90
88
89
89
89
90
90
93
90
90
90
91
93
93
93
93
90
112
112
112
112
112
112
115
115
115
115
115
115
115
115
94
115
115
115
93
93
93
93
93
93
95
95
95
94
94
95
95
95
95
95
95
95
95
92
95
95
95
95
105
105
105
105
105
105
68
68
61
68
68
60
68
68
68
69
68
68
111
111
111
105
111
111
68
68
74
74
74
68
111
111
111
110
110
111
74
55
74
68
74
74
110
110
110
110
110
110
74
55
55
74
55
55
110
108
110
110
110
110
55
55
53
55
55
55
77
77
110
77
77
53
55
53
55
55
77
55
77
77
77
77
77
77
112
112
112
112
112
112
106
105
106
106
106
106
89
89
89
89
93
90
89
89
89
89
89
89
69
69
72
69
68
69
72
72
72
72
72
72
113
117
113
117
113
117
106
106
107
106
106
106
106
107
107
107
107
107
125
113
125
113
125
113
107
126
127
107
107
126
127
127
127
127
127
127
124
126
127
127
127
127
125
125
125
125
125
125
125
125
125
113
125
125
124
124
124
124
124
124
125
124
124
124
127
124
72
71
72
72
72
72
72
88
72
88
72
88
88
88
88
88
88
88
89
88
89
88
89
88
89
89
81
89
89
89
113
112
112
112
113
112
93
93
93
93
93
93
113
112
112
112
113
112
92
93
93
93
93
83
115
115
114
114
115
84
92
93
93
93
92
92
114
115
115
115
115
114
92
92
93
93
92
92
114
94
94
94
94
94
93
92
94
94
92
94
94
94
94
94
94
94
111
111
111
111
106
111
74
68
74
74
74
68
72
75
74
75
74
75
111
111
108
111
111
111
74
75
74
75
75
55
108
108
108
108
111
108
75
75
75
75
55
75
108
108
77
108
108
108
55
76
76
76
76
76
77
77
108
77
77
108
76
76
55
76
76
76
77
76
77
77
77
77
113
112
125
113
113
113
107
107
107
107
107
107
89
83
89
89
89
89
72
75
72
75
72
72
72
73
72
73
72
73
113
113
113
113
113
121
107
107
107
107
107
107
107
107
107
126
107
107
121
121
121
121
121
121
127
127
127
127
127
107
127
127
127
127
127
127
121
121
127
121
121
121
124
124
124
127
110
127
121
121
125
121
121
121
123
125
123
125
124
124
124
124
124
124
125
124
72
73
72
73
72
73
88
88
88
88
88
88
81
83
83
83
83
83
81
88
81
88
81
88
81
81
81
81
81
81
113
112
113
112
113
113
83
83
83
83
92
83
114
114
114
114
114
114
92
83
88
83
92
92
114
114
114
84
114
114
92
92
92
92
88
92
94
94
94
94
84
114
92
92
92
92
85
92
84
94
94
94
94
94
107
108
111
111
108
108
74
75
75
75
75
75
72
73
75
75
75
75
108
109
109
108
108
108
75
75
75
75
75
73
108
108
108
108
108
108
76
76
76
73
76
75
77
77
77
77
77
77
76
76
76
76
76
76
76
76
77
76
79
77
113
113
113
112
113
113
107
107
109
109
108
109
83
81
83
83
83
83
72
73
72
73
73
73
72
73
73
73
73
73
121
114
113
121
121
120
109
109
109
109
109
109
121
121
121
121
121
121
123
123
127
110
127
123
121
121
120
121
121
121
122
123
123
125
123
108
123
123
123
123
123
123
80
73
73
73
73
73
83
81
83
81
83
83
81
81
81
81
81
83
81
88
81
81
81
81
81
81
81
81
81
81
84
114
114
114
114
113
83
83
83
83
92
83
114
84
114
114
114
84
85
85
85
92
85
85
84
84
84
84
84
114
94
85
84
85
85
85
84
94
84
94
114
84
109
109
109
109
109
109
78
75
78
75
78
75
78
73
78
78
78
78
77
108
109
109
109
109
73
76
78
78
78
78
79
79
79
79
79
108
76
76
78
78
76
76
79
79
79
79
79
79
120
120
114
114
120
120
109
107
122
109
109
109
92
85
85
83
92
85
78
73
80
73
80
73
80
73
80
73
80
80
120
120
120
120
120
120
123
123
123
123
123
123
120
120
120
120
120
120
123
123
123
123
123
123
123
120
123
120
123
123
104
85
127
82
82
82
80
80
80
80
73
80
82
82
82
83
82
82
82
82
82
82
82
82
80
80
81
80
80
80
84
120
114
84
84
84
92
85
85
85
85
85
86
84
84
84
84
86
85
85
85
94
85
85
84
84
84
94
84
84
109
122
109
109
109
109
78
78
78
78
78
78
79
79
79
109
79
79
78
78
78
78
78
78
79
79
79
79
79
79
120
120
86
120
120
120
122
122
122
122
122
122
85
85
85
82
82
85
80
80
80
80
80
80
120
120
122
120
122
120
123
122
122
122
122
122
122
122
122
122
122
120
82
82
86
82
82
86
80
80
80
80
80
80
82
82
82
87
82
82
84
86
86
86
86
84
85
86
86
85
86
85
86
86
86
86
86
86
122
79
87
122
79
122
80
78
80
78
78
78
79
79
87
79
79
79
86
86
86
86
86
86
87
122
122
87
87
79
82
82
86
86
86
86
87
87
87
87
87
87
122
87
122
87
122
122
87
87
87
87
87
87
82
86
86
82
86
87
87
82
87
87
87
87
87
87
87
87
122
87
