29
29
29
29
29
29
29
29
28
28
28
28
28
28
31
28
29
28
28
29
28
28
28
28
28
29
29
29
29
29
31
28
28
28
28
28
28
28
28
28
28
28
28
31
28
28
28
28
28
28
29
29
29
29
29
31
31
31
31
31
31
31
31
31
31
31
31
31
31
31
31
31
31
31
31
29
29
29
29
26
30
30
30
31
30
30
31
30
30
31
30
31
31
30
31
31
30
30
30
30
29
29
29
29
26
30
30
30
30
30
30
30
30
30
30
30
26
30
30
30
30
30
30
30
30
22
29
29
29
26
26
26
26
26
26
26
26
26
26
26
26
26
26
26
26
26
26
26
26
26
22
22
22
29
26
26
27
26
27
27
26
27
27
26
27
27
26
27
26
26
27
27
27
27
27
22
22
22
24
24
24
27
27
27
27
27
27
27
27
27
27
27
27
27
27
27
27
27
27
27
22
22
22
22
24
24
24
24
24
24
24
24
24
24
24
24
24
24
24
24
24
24
24
24
24
22
22
22
22
22
25
25
25
24
25
25
25
25
25
24
25
25
25
24
24
24
24
25
24
24
22
22
22
22
22
25
25
25
25
25
25
25
25
25
25
25
25
25
25
25
25
25
25
25
25
22
22
22
22
22
21
21
21
21
21
21
21
21
21
21
21
21
21
21
21
21
21
21
21
21
22
22
22
22
20
20
21
20
20
21
21
20
21
20
21
20
20
21
21
21
21
21
21
21
20
23
23
22
22
20
20
20
20
20
20
20
20
20
20
20
20
20
20
20
20
20
20
20
20
20
23
23
23
16
16
16
16
16
16
16
16
16
16
16
16
16
16
16
16
16
16
16
16
16
16
23
23
23
23
16
16
17
16
16
16
17
17
16
17
17
16
17
17
17
17
16
17
17
17
16
23
23
23
23
16
17
17
17
17
17
17
17
17
17
17
17
17
17
17
17
17
17
17
17
17
23
23
23
23
18
18
18
18
18
18
18
18
18
18
18
18
18
18
18
18
18
18
18
18
18
23
23
23
23
18
18
18
19
19
18
19
19
19
18
19
19
19
19
18
18
19
18
19
18
19
23
23
23
18
18
19
19
19
19
19
19
19
19
19
19
19
19
19
19
19
19
19
19
19
19
23
23
23
23
14
14
14
14
14
14
14
14
14
14
14
14
14
14
14
14
14
14
14
14
14
23
23
23
23
14
14
15
14
15
15
15
15
14
15
14
14
14
15
15
14
15
15
15
15
15
8
8
8
8
8
14
15
15
14
15
15
15
15
15
15
15
15
15
15
15
15
15
15
15
15
8
8
8
8
8
12
12
12
12
12
12
12
12
12
12
12
12
12
12
12
15
12
12
12
12
8
8
8
8
8
12
12
12
12
12
12
13
12
12
13
13
12
12
13
13
12
12
12
13
13
8
8
8
8
8
13
13
13
13
13
13
13
13
13
13
13
13
13
13
13
13
13
13
13
13
8
8
8
8
8
10
10
13
9
13
10
9
10
10
10
9
9
9
9
9
13
13
13
10
9
8
8
8
8
8
10
10
10
10
10
9
10
10
10
10
10
10
10
10
10
10
10
10
10
10
8
8
9
9
9
9
10
11
11
10
10
11
9
10
11
11
11
11
10
11
11
11
11
11
10
9
9
9
9
9
11
11
11
11
11
11
11
11
11
11
11
11
11
11
11
11
11
11
11
11
9
9
9
9
9
2
2
2
2
2
2
2
2
2
2
2
2
2
2
2
2
2
2
2
2
9
9
9
9
3
3
2
2
2
2
2
2
2
3
3
2
2
3
3
2
2
2
3
3
3
9
9
9
9
3
3
3
3
3
3
3
3
3
3
3
3
3
3
3
3
3
3
3
3
3
6
6
6
6
0
0
1
1
1
1
1
1
1
1
1
1
1
1
1
1
1
1
1
1
1
6
6
6
6
0
0
1
1
0
1
0
1
1
1
0
1
1
0
1
0
1
1
1
0
1
6
6
6
6
6
0
0
0
0
0
0
0
0
0
0
0
0
0
0
0
0
0
0
0
0
6
6
6
6
6
5
5
5
5
5
5
5
5
5
5
5
5
5
5
5
5
5
5
5
5
6
6
6
6
6
4
5
4
5
5
4
5
4
5
4
5
4
5
4
5
5
5
5
5
4
33
33
33
6
6
4
4
4
4
4
4
4
4
4
4
4
4
4
4
4
4
4
4
4
4
33
33
33
33
6
6
7
4
7
7
6
7
7
7
6
7
7
6
7
4
7
4
4
7
7
33
33
33
33
33
6
6
7
7
7
7
7
7
7
7
7
7
7
7
7
7
7
7
7
7
33
33
33
33
33
33
33
34
33
34
33
33
34
33
33
33
33
33
33
34
7
7
33
34
34
32
32
32
32
33
33
34
34
34
34
34
34
34
34
34
34
34
34
34
34
34
34
34
34
34
32
32
32
32
32
35
35
34
35
35
35
34
34
35
35
34
35
35
34
35
35
34
35
35
34
32
32
32
32
32
35
35
35
35
35
35
37
35
35
35
35
35
35
35
35
35
35
35
35
35
32
32
32
32
32
37
37
37
37
37
37
37
37
37
37
37
37
37
37
37
37
37
37
37
37
32
32
32
32
37
37
36
37
36
36
36
36
37
37
36
37
37
37
36
36
36
36
36
36
36
32
32
32
32
37
37
36
36
36
36
36
36
36
36
36
36
36
36
36
36
36
36
36
36
36
32
32
32
32
38
38
39
39
39
39
39
39
39
39
39
39
39
39
39
39
39
39
39
39
39
47
47
47
47
38
38
38
39
38
39
38
39
38
39
39
39
39
38
39
39
39
39
38
39
39
47
47
47
47
47
38
38
38
38
38
38
38
38
38
38
38
38
38
38
38
38
38
38
38
38
47
47
47
47
47
42
42
42
42
42
42
42
42
42
42
42
42
42
42
42
42
42
42
42
42
47
47
47
47
43
43
43
42
42
42
42
43
43
42
43
42
42
42
43
42
42
43
42
43
42
47
47
47
47
43
43
43
43
43
43
43
43
43
43
43
43
43
43
43
43
43
43
43
43
43
47
47
47
47
47
40
40
40
40
40
40
40
40
40
40
40
40
40
40
40
40
40
40
40
40
47
47
47
47
47
40
40
41
40
41
40
40
41
40
41
40
40
41
40
41
40
40
41
41
40
56
56
56
56
56
41
41
41
41
41
41
41
41
41
41
41
41
41
41
41
41
41
41
41
41
56
56
56
56
56
41
46
44
41
46
46
46
46
46
46
46
46
46
44
46
46
46
41
41
46
56
56
56
56
56
44
46
46
46
46
46
46
46
46
46
46
46
46
44
46
46
46
46
46
46
56
56
56
56
56
44
44
44
44
44
44
44
44
44
44
44
44
44
44
44
44
44
44
44
44
56
56
56
56
56
44
45
44
44
45
45
45
45
45
45
45
44
45
45
44
45
44
44
44
45
56
56
56
56
56
45
45
45
45
45
45
45
45
45
45
45
45
45
45
45
45
45
45
45
45
57
57
57
56
56
59
59
59
59
59
59
59
59
59
59
59
59
59
59
59
59
59
59
59
59
57
57
57
57
57
59
58
58
59
59
58
58
58
59
58
59
58
59
59
59
58
59
59
59
59
60
60
57
57
57
57
58
58
58
58
58
58
58
58
58
58
58
58
58
58
58
58
58
58
58
60
60
60
57
57
57
57
57
57
57
57
57
58
58
57
57
57
57
58
57
58
57
58
57
57
60
60
60
60
57
57
62
62
62
62
62
62
62
62
62
62
62
62
62
62
62
62
62
62
57
60
60
60
60
60
63
62
62
62
63
62
62
63
63
62
63
62
62
62
63
62
62
62
62
62
60
60
60
60
60
63
63
63
63
63
63
63
63
63
63
63
63
63
63
63
63
63
63
63
63
60
60
60
60
60
60
61
63
60
63
61
63
63
63
63
61
61
61
61
61
61
61
61
61
61
60
60
60
60
54
61
61
61
61
61
61
61
61
61
61
61
61
61
61
61
61
61
61
61
61
54
54
54
54
54
53
53
53
53
53
53
53
53
53
53
53
53
53
53
53
53
53
53
53
53
54
54
54
54
54
52
52
52
52
52
52
53
53
53
53
53
53
52
53
52
53
53
53
53
53
54
54
54
54
54
52
52
52
52
52
52
52
52
52
52
52
52
52
52
52
52
52
52
52
52
54
54
54
54
54
52
55
55
55
55
55
55
55
52
55
55
55
55
52
55
55
55
55
55
52
54
54
54
54
54
54
55
55
55
54
55
55
54
55
55
55
54
55
55
55
55
55
55
55
55
50
50
50
50
50
51
51
51
51
51
51
51
51
51
51
51
51
51
51
51
51
51
51
51
51
50
50
50
50
50
50
49
49
51
49
51
51
51
51
51
49
51
51
49
51
51
51
51
50
49
50
50
50
50
50
50
49
49
49
49
49
49
49
49
49
49
49
49
49
49
49
49
49
49
49
50
50
50
50
50
50
48
48
49
48
48
48
48
48
48
49
48
48
48
48
49
48
48
48
48
50
50
50
50
50
50
48
48
48
49
48
48
48
48
49
48
48
48
48
48
49
48
48
48
48
