49
49
49
50
50
50
50
50
50
49
49
49
20
20
20
20
20
20
20
20
20
20
20
20
55
55
55
53
53
53
53
53
53
55
55
55
23
23
23
22
22
22
22
22
22
23
23
23
21
21
21
21
21
21
21
21
21
21
21
21
54
54
54
52
52
52
52
52
52
54
54
54
16
16
16
16
16
16
16
16
16
16
16
16
52
52
52
52
52
52
52
52
52
52
52
52
54
54
54
52
52
52
52
52
52
54
54
54
17
17
17
18
18
18
18
18
18
17
17
17
54
54
54
53
53
53
53
53
53
54
54
54
17
17
17
19
19
19
19
19
19
17
17
17
23
23
23
22
22
22
22
22
22
23
23
23
54
54
54
55
55
55
55
55
55
54
54
54
17
17
17
18
18
18
18
18
18
17
17
17
55
55
55
53
53
53
53
53
53
55
55
55
21
21
21
20
20
20
20
20
20
21
21
21
48
48
48
48
48
48
48
48
48
48
48
48
23
23
23
20
20
20
20
20
20
23
23
23
51
51
51
51
51
51
51
51
51
51
51
51
49
49
49
49
49
49
49
49
49
49
49
49
21
21
21
20
20
20
20
20
20
21
21
21
53
53
53
53
53
53
53
53
53
53
53
53
23
23
23
21
21
21
21
21
21
23
23
23
23
23
23
21
21
21
21
21
21
23
23
23
54
54
54
54
54
54
54
54
54
54
54
54
19
19
19
17
17
17
17
17
17
19
19
19
53
53
53
53
53
53
53
53
53
53
53
53
50
50
50
50
50
50
50
50
50
50
50
50
23
23
23
20
20
20
20
20
20
23
23
23
55
55
55
55
55
55
55
55
55
55
55
55
22
22
22
22
22
22
22
22
22
22
22
22
48
48
48
51
51
51
50
50
50
48
48
48
20
20
20
20
20
20
20
20
20
20
20
20
48
48
48
51
51
51
51
51
51
48
48
48
22
22
22
23
23
23
23
23
23
22
22
22
21
21
21
21
21
21
21
21
21
21
21
21
48
48
48
49
49
49
49
49
49
48
48
48
16
16
16
16
16
16
16
16
16
16
16
16
49
49
49
51
51
51
51
51
51
49
49
49
49
49
49
50
50
50
50
50
50
49
49
49
18
18
18
18
18
18
18
18
18
18
18
18
53
53
53
55
55
55
55
55
55
53
53
53
19
19
19
19
19
19
19
19
19
19
19
19
22
22
22
23
23
23
23
23
23
22
22
22
48
48
48
50
50
50
50
50
50
48
48
48
18
18
18
18
18
18
18
18
18
18
18
18
51
51
51
50
50
50
51
51
51
51
51
51
22
22
22
22
22
22
22
22
22
22
22
22
48
48
48
48
48
48
48
48
48
48
48
48
17
17
17
16
16
16
16
16
16
17
17
17
51
51
51
51
51
51
51
51
51
51
51
51
49
49
49
49
49
49
49
49
49
49
49
49
17
17
17
16
16
16
16
16
16
17
17
17
52
52
52
52
52
52
52
52
52
52
52
52
17
17
17
16
16
16
16
16
16
17
17
17
19
19
19
19
19
19
19
19
19
19
19
19
54
54
54
54
54
54
54
54
54
54
54
54
17
17
17
16
16
16
16
16
16
17
17
17
52
52
52
52
52
52
52
52
52
52
52
52
50
50
50
50
50
50
50
50
50
50
50
50
18
18
18
18
18
18
18
18
18
18
18
18
55
55
55
55
55
55
55
55
55
55
55
55
19
19
19
19
19
19
19
19
19
19
19
19
28
28
28
31
31
31
31
31
31
28
28
28
39
39
39
39
39
39
39
39
39
39
39
39
27
27
27
25
25
25
25
25
25
27
27
27
38
38
38
38
38
38
38
38
38
38
38
38
32
32
32
34
34
34
34
34
34
32
32
32
28
28
28
30
30
30
30
30
30
28
28
28
38
38
38
38
38
38
38
38
38
38
38
38
28
28
28
29
29
29
29
29
29
28
28
28
28
28
28
30
30
30
30
30
30
28
28
28
39
39
39
39
39
39
39
39
39
39
39
39
29
29
29
30
30
30
30
30
30
29
29
29
38
38
38
38
38
38
38
38
38
38
38
38
39
39
39
39
39
39
39
39
39
39
39
39
31
31
31
30
30
30
30
30
30
31
31
31
36
36
36
36
36
36
36
36
36
36
36
36
29
29
29
31
31
31
31
31
31
29
29
29
33
33
33
33
33
33
33
33
33
33
33
33
25
25
25
25
25
25
25
25
25
25
25
25
37
37
37
38
38
38
38
38
38
37
37
37
26
26
26
26
26
26
26
26
26
26
26
26
28
28
28
28
28
28
28
28
28
28
28
28
34
34
34
34
34
34
34
34
34
34
34
34
24
24
24
24
24
24
24
24
24
24
24
24
35
35
35
35
35
35
35
35
35
35
35
35
32
32
32
32
32
32
32
32
32
32
32
32
30
30
30
30
30
30
30
30
30
30
30
30
37
37
37
39
39
39
39
39
39
37
37
37
29
29
29
29
29
29
29
29
29
29
29
29
31
31
31
31
31
31
31
31
31
31
31
31
37
37
37
39
39
39
39
39
39
37
37
37
27
27
27
27
27
27
27
27
27
27
27
27
37
37
37
38
38
38
38
38
38
37
37
37
26
26
26
25
25
25
25
25
25
26
26
26
33
33
33
34
34
34
34
34
34
33
33
33
26
26
26
24
24
24
24
24
24
26
26
26
33
33
33
35
35
35
35
35
35
33
33
33
33
33
33
35
35
35
35
35
35
33
33
33
25
25
25
24
24
24
24
24
24
25
25
25
34
34
34
35
35
35
35
35
35
34
34
34
26
26
26
24
24
24
24
24
24
26
26
26
29
29
29
31
31
31
31
31
31
29
29
29
32
32
32
34
34
34
34
34
34
32
32
32
27
27
27
24
24
24
24
24
24
27
27
27
32
32
32
35
35
35
35
35
35
32
32
32
33
33
33
32
32
32
32
32
32
33
33
33
27
27
27
25
25
25
25
25
25
27
27
27
36
36
36
36
36
36
36
36
36
36
36
36
26
26
26
27
27
27
27
27
27
26
26
26
33
33
33
33
33
33
33
33
33
33
33
33
25
25
25
25
25
25
25
25
25
25
25
25
37
37
37
36
36
36
36
36
36
37
37
37
26
26
26
26
26
26
26
26
26
26
26
26
28
28
28
28
28
28
28
28
28
28
28
28
34
34
34
34
34
34
34
34
34
34
34
34
24
24
24
24
24
24
24
24
24
24
24
24
35
35
35
35
35
35
35
35
35
35
35
35
32
32
32
32
32
32
32
32
32
32
32
32
30
30
30
30
30
30
30
30
30
30
30
30
37
37
37
36
36
36
36
36
36
37
37
37
29
29
29
29
29
29
29
29
29
29
29
29
31
31
31
31
31
31
31
31
31
31
31
31
37
37
37
36
36
36
36
36
36
37
37
37
27
27
27
27
27
27
27
27
27
27
27
27
37
37
37
36
36
36
36
36
36
37
37
37
44
44
44
44
44
44
44
44
44
44
44
44
5
5
5
2
2
2
2
2
2
5
5
5
41
41
41
42
42
42
42
42
42
41
41
41
7
7
7
1
1
1
1
1
1
7
7
7
7
7
7
2
2
2
2
2
2
7
7
7
47
47
47
47
47
47
47
47
47
47
47
47
6
6
6
5
5
5
5
5
5
6
6
6
46
46
46
46
46
46
46
46
46
46
46
46
45
45
45
45
45
45
45
45
45
45
45
45
6
6
6
2
2
2
2
2
2
6
6
6
41
41
41
40
40
40
40
40
40
41
41
41
6
6
6
1
1
1
1
1
1
6
6
6
3
3
3
0
0
0
0
0
0
3
3
3
41
41
41
43
43
43
43
43
43
41
41
41
6
6
6
1
1
1
1
1
1
6
6
6
41
41
41
42
42
42
42
42
42
41
41
41
3
3
3
3
3
3
3
3
3
3
3
3
47
47
47
44
44
44
44
44
44
47
47
47
4
4
4
4
4
4
4
4
4
4
4
4
46
46
46
44
44
44
44
44
44
46
46
46
46
46
46
44
44
44
44
44
44
46
46
46
5
5
5
5
5
5
5
5
5
5
5
5
46
46
46
47
47
47
47
47
47
46
46
46
7
7
7
7
7
7
7
7
7
7
7
7
3
3
3
2
2
2
2
2
2
3
3
3
47
47
47
45
45
45
45
45
45
47
47
47
6
6
6
6
6
6
6
6
6
6
6
6
46
46
46
45
45
45
45
45
45
46
46
46
45
45
45
44
44
44
44
44
44
45
45
45
3
3
3
3
3
3
3
3
3
3
3
3
41
41
41
43
43
43
43
43
43
41
41
41
1
1
1
1
1
1
1
1
1
1
1
1
44
44
44
44
44
44
44
44
44
44
44
44
2
2
2
4
4
4
4
4
4
2
2
2
42
42
42
42
42
42
42
42
42
42
42
42
1
1
1
4
4
4
4
4
4
1
1
1
2
2
2
5
5
5
5
5
5
2
2
2
47
47
47
47
47
47
47
47
47
47
47
47
7
7
7
4
4
4
4
4
4
7
7
7
46
46
46
46
46
46
46
46
46
46
46
46
45
45
45
45
45
45
45
45
45
45
45
45
2
2
2
5
5
5
5
5
5
2
2
2
40
40
40
41
41
41
41
41
41
40
40
40
1
1
1
7
7
7
7
7
7
1
1
1
0
0
0
0
0
0
0
0
0
0
0
0
43
43
43
43
43
43
43
43
43
43
43
43
1
1
1
4
4
4
4
4
4
1
1
1
42
42
42
42
42
42
42
42
42
42
42
42
0
0
0
3
3
3
3
3
3
0
0
0
43
43
43
43
43
43
43
43
43
43
43
43
4
4
4
4
4
4
4
4
4
4
4
4
42
42
42
42
42
42
42
42
42
42
42
42
45
45
45
47
47
47
47
47
47
45
45
45
5
5
5
5
5
5
5
5
5
5
5
5
40
40
40
40
40
40
40
40
40
40
40
40
7
7
7
7
7
7
7
7
7
7
7
7
0
0
0
2
2
2
2
2
2
0
0
0
40
40
40
40
40
40
40
40
40
40
40
40
6
6
6
6
6
6
6
6
6
6
6
6
40
40
40
40
40
40
40
40
40
40
40
40
43
43
43
43
43
43
43
43
43
43
43
43
0
0
0
3
3
3
3
3
3
0
0
0
41
41
41
41
41
41
41
41
41
41
41
41
0
0
0
0
0
0
0
0
0
0
0
0
11
11
11
12
12
12
12
12
12
11
11
11
57
57
57
56
56
56
56
56
56
57
57
57
13
13
13
12
12
12
12
12
12
13
13
13
57
57
57
57
57
57
57
57
57
57
57
57
59
59
59
59
59
59
59
59
59
59
59
59
8
8
8
12
12
12
12
12
12
8
8
8
62
62
62
62
62
62
62
62
62
62
62
62
9
9
9
13
13
13
13
13
13
9
9
9
8
8
8
11
11
11
11
11
11
8
8
8
60
60
60
60
60
60
60
60
60
60
60
60
8
8
8
12
12
12
12
12
12
8
8
8
63
63
63
63
63
63
63
63
63
63
63
63
58
58
58
58
58
58
58
58
58
58
58
58
8
8
8
12
12
12
12
12
12
8
8
8
61
61
61
61
61
61
61
61
61
61
61
61
9
9
9
15
15
15
15
15
15
9
9
9
58
58
58
59
59
59
59
59
59
58
58
58
12
12
12
12
12
12
13
13
13
12
12
12
61
61
61
62
62
62
62
62
62
61
61
61
15
15
15
15
15
15
15
15
15
15
15
15
10
10
10
10
10
10
10
10
10
10
10
10
60
60
60
62
62
62
62
62
62
60
60
60
13
13
13
13
13
13
13
13
13
13
13
13
63
63
63
62
62
62
62
62
62
63
63
63
60
60
60
62
62
62
62
62
62
60
60
60
8
8
8
8
8
8
8
8
8
8
8
8
60
60
60
61
61
61
61
61
61
60
60
60
9
9
9
9
9
9
9
9
9
9
9
9
11
11
11
11
11
11
11
11
11
11
11
11
60
60
60
61
61
61
61
61
61
60
60
60
14
14
14
14
14
14
14
14
14
14
14
14
61
61
61
63
63
63
63
63
63
61
61
61
10
10
10
15
15
15
15
15
15
10
10
10
56
56
56
57
57
57
57
57
57
56
56
56
15
15
15
14
14
14
14
14
14
15
15
15
57
57
57
57
57
57
57
57
57
57
57
57
59
59
59
59
59
59
59
59
59
59
59
59
10
10
10
13
13
13
13
13
13
10
10
10
62
62
62
62
62
62
62
62
62
62
62
62
10
10
10
15
15
15
15
15
15
10
10
10
10
10
10
11
11
11
11
11
11
10
10
10
60
60
60
60
60
60
60
60
60
60
60
60
9
9
9
14
14
14
14
14
14
9
9
9
63
63
63
63
63
63
63
63
63
63
63
63
58
58
58
58
58
58
58
58
58
58
58
58
9
9
9
14
14
14
14
14
14
9
9
9
61
61
61
61
61
61
61
61
61
61
61
61
11
11
11
14
14
14
14
14
14
11
11
11
59
59
59
56
56
56
56
56
56
58
58
58
13
13
13
12
12
12
12
12
12
12
12
12
57
57
57
56
56
56
56
56
56
57
57
57
15
15
15
15
15
15
15
15
15
15
15
15
10
10
10
10
10
10
10
10
10
10
10
10
59
59
59
56
56
56
56
56
56
59
59
59
13
13
13
13
13
13
13
13
13
13
13
13
59
59
59
57
57
57
57
57
57
59
59
59
58
58
58
56
56
56
56
56
56
59
59
59
8
8
8
8
8
8
8
8
8
8
8
8
63
63
63
63
63
63
63
63
63
63
63
63
9
9
9
9
9
9
9
9
9
9
9
9
11
11
11
11
11
11
11
11
11
11
11
11
58
58
58
56
56
56
56
56
56
58
58
58
14
14
14
14
14
14
14
14
14
14
14
14
58
58
58
56
56
56
56
56
56
58
58
58
