100
101
100
109
108
109
108
109
108
103
102
103
57
58
56
53
52
53
57
58
58
52
53
52
120
121
121
119
113
112
121
120
121
118
113
112
59
59
59
50
51
50
59
58
59
50
50
51
61
62
60
53
52
55
63
62
61
53
55
55
123
122
123
116
116
117
119
118
119
116
116
117
47
46
47
35
35
35
37
36
37
46
47
46
125
126
124
113
112
113
127
125
124
112
113
112
99
98
99
105
104
105
109
108
109
102
103
102
41
40
41
33
32
33
36
37
36
42
43
42
118
119
118
113
114
112
119
118
119
114
113
114
40
41
40
32
33
32
37
36
37
43
42
43
52
53
52
54
54
55
56
57
60
54
55
55
98
99
98
110
110
111
108
109
108
103
102
103
42
43
43
35
35
35
36
37
36
42
43
41
99
98
99
109
111
108
109
108
109
98
102
103
50
50
50
58
58
59
58
59
59
50
51
50
118
119
118
122
123
122
123
122
123
119
118
119
51
51
50
59
59
58
58
58
59
51
50
51
118
119
118
125
124
126
127
126
127
119
118
119
112
113
112
125
124
125
124
125
126
113
112
113
49
48
49
56
58
58
57
59
56
48
49
48
115
115
115
126
126
127
127
126
124
114
112
114
51
51
50
59
59
59
59
59
59
50
50
51
49
48
49
61
60
61
60
61
60
48
49
48
113
112
115
118
119
118
122
123
119
114
113
112
38
38
38
47
46
47
38
39
38
46
47
46
113
112
113
125
124
125
124
125
124
115
114
112
107
106
107
102
103
102
106
107
107
103
102
103
49
48
49
58
59
57
56
58
57
48
49
48
113
112
113
122
123
122
123
122
123
112
113
112
50
51
51
58
59
58
59
58
59
51
50
51
118
119
118
106
107
106
107
107
106
119
118
119
56
57
56
53
49
48
57
56
57
52
53
52
120
121
121
118
119
118
120
120
120
119
118
119
58
58
58
51
51
51
58
58
58
50
50
51
63
61
60
53
52
53
61
62
60
52
53
55
122
123
122
117
117
117
123
122
123
116
117
116
44
45
45
38
39
38
39
39
39
47
46
47
125
124
125
113
112
113
124
125
124
112
113
112
118
116
119
107
107
106
107
106
107
117
118
116
46
47
46
39
38
39
39
39
38
47
46
47
119
117
118
113
112
113
116
119
117
112
113
112
46
47
44
38
39
38
38
38
39
44
46
47
52
56
61
55
55
55
57
60
56
54
54
54
118
116
119
106
106
107
106
107
106
117
118
113
44
44
44
39
38
39
39
38
39
46
44
44
96
96
97
107
107
106
106
106
107
108
104
109
55
54
55
63
63
62
61
63
60
54
54
54
117
117
117
121
121
121
120
120
121
116
117
117
47
46
47
61
60
61
60
61
60
61
57
60
102
103
102
121
120
120
121
121
121
122
123
122
116
116
116
125
124
125
123
124
125
116
117
117
53
52
53
61
60
61
62
63
60
54
55
54
116
117
117
121
121
120
121
121
120
117
117
116
52
55
54
61
62
60
61
60
61
53
52
53
54
54
55
60
61
60
61
60
61
55
55
55
117
116
116
122
123
122
123
122
123
116
117
116
38
38
38
44
44
46
39
39
39
47
46
47
103
102
103
124
122
125
124
125
124
105
108
104
106
107
106
102
99
103
107
107
107
102
98
99
54
54
54
56
57
56
57
56
57
54
55
55
109
105
108
120
121
121
120
121
120
123
122
123
54
55
55
60
61
60
61
60
61
54
54
55
19
18
18
27
27
26
18
18
19
27
26
27
88
89
88
81
81
80
89
88
88
81
81
81
23
22
23
25
27
24
23
22
23
25
27
26
93
93
92
83
82
87
92
93
93
86
83
82
95
94
95
87
85
85
94
95
94
85
85
85
5
1
4
0
1
0
1
0
1
9
8
9
95
94
95
71
70
71
73
72
73
94
95
94
17
16
17
30
29
30
16
17
16
30
28
29
14
15
14
0
1
0
5
4
5
13
12
13
86
87
86
70
71
70
72
73
72
87
86
87
1
4
0
1
0
1
5
7
4
14
14
14
95
94
95
71
70
71
78
78
78
94
95
94
91
90
91
83
82
83
90
95
91
82
83
82
5
0
4
1
0
1
7
7
7
12
13
12
94
90
95
68
68
68
77
79
79
68
68
68
17
16
17
30
31
30
16
17
16
31
31
31
93
93
92
80
80
80
80
81
80
92
93
93
22
23
22
27
27
26
27
26
26
22
22
22
93
92
92
80
81
80
81
81
80
92
93
93
22
22
22
27
26
27
26
27
26
23
23
22
15
14
15
26
27
26
26
27
27
14
8
15
94
95
94
80
80
81
80
80
81
95
94
95
23
23
23
24
25
27
26
24
27
23
23
22
93
93
93
86
83
82
83
82
83
92
92
92
91
94
90
82
83
82
83
82
83
91
90
91
9
10
8
0
2
1
9
11
8
2
0
1
70
71
70
76
73
77
71
70
71
72
76
73
9
14
8
25
24
25
24
25
24
0
5
1
4
0
5
26
27
26
27
27
26
1
4
0
95
94
95
80
81
81
81
80
81
94
95
94
23
22
22
25
26
27
24
25
26
22
23
23
93
92
92
87
86
87
86
87
86
92
92
92
19
18
18
27
26
27
19
18
19
26
26
26
88
88
89
80
81
80
89
89
88
81
81
80
23
22
23
24
25
24
22
22
23
25
24
25
92
92
93
87
86
87
92
92
93
86
87
86
87
82
86
84
85
84
83
87
82
86
85
87
10
9
11
2
1
2
2
2
3
11
10
10
70
71
70
77
72
76
75
74
74
65
64
65
17
16
17
31
28
29
16
17
16
28
30
31
10
8
9
2
0
1
0
1
3
8
9
11
71
70
71
73
77
72
73
74
75
64
65
64
10
8
9
2
0
1
0
3
2
8
11
10
70
71
70
76
72
77
76
77
76
66
67
66
90
91
90
83
82
83
91
90
95
82
83
82
9
8
9
1
0
1
0
1
0
8
9
8
71
70
71
69
68
69
77
76
77
69
68
69
17
16
17
30
30
31
16
17
16
30
30
31
89
89
89
86
87
86
87
86
87
89
89
89
18
19
19
24
25
24
25
24
25
19
19
18
88
88
88
68
69
69
69
69
68
89
88
89
18
19
18
31
30
30
31
30
30
19
19
19
19
18
19
29
30
28
29
28
29
19
19
18
88
88
89
86
87
86
87
86
87
88
88
89
17
16
17
28
31
29
28
29
28
16
17
16
91
90
91
86
87
86
87
86
84
90
91
90
91
90
91
87
86
85
87
84
86
90
91
90
9
8
9
1
0
1
8
9
8
0
1
0
70
71
70
69
69
68
69
69
68
71
70
71
17
16
17
30
31
31
31
30
30
16
17
16
18
19
19
31
31
31
30
31
31
18
18
18
89
88
88
68
68
69
69
68
69
89
89
88
17
16
17
31
30
31
31
31
30
16
17
16
91
90
91
68
68
68
69
69
69
90
91
90
85
85
85
91
94
90
83
82
83
84
84
84
13
12
13
6
7
7
7
6
6
12
13
12
70
73
71
76
77
79
76
79
77
76
70
72
29
28
29
21
23
23
28
29
28
20
21
22
13
12
13
5
4
5
4
5
4
12
13
12
85
85
84
77
76
77
76
77
76
85
85
84
15
14
15
7
5
6
4
7
5
15
14
15
85
84
85
78
78
78
78
79
78
84
84
84
84
85
85
79
79
79
79
79
79
85
84
85
15
15
14
6
7
6
6
6
7
15
14
14
77
73
76
78
78
78
78
79
78
72
77
73
14
15
15
4
5
6
7
4
5
14
14
15
13
12
13
6
6
7
6
6
7
12
13
12
71
70
71
78
79
76
77
78
76
70
77
69
15
14
14
7
7
7
7
6
6
15
15
14
72
76
73
78
79
78
79
78
78
95
91
94
23
20
21
26
27
26
24
25
24
22
23
20
95
94
90
81
81
80
82
83
82
91
93
90
23
22
22
25
24
25
24
25
24
21
22
20
93
93
92
83
82
83
82
80
83
95
89
93
91
94
89
84
84
85
81
82
80
85
84
84
2
2
2
11
10
11
2
2
3
11
11
11
75
75
74
65
64
65
75
74
75
64
65
64
23
22
21
25
24
25
24
25
24
20
21
20
4
5
4
13
12
13
5
4
5
12
13
12
72
73
74
65
64
65
72
75
73
64
65
64
4
5
4
15
15
14
5
4
6
14
14
15
79
79
79
67
67
66
79
79
79
67
66
66
92
95
93
83
81
82
80
83
81
94
90
92
6
7
7
13
12
13
7
6
6
12
13
12
77
76
77
66
66
66
79
76
77
67
66
67
21
20
21
25
24
25
24
25
24
20
21
20
82
80
83
88
95
91
81
82
80
93
89
94
10
10
11
3
3
3
2
3
3
11
10
11
65
64
65
74
75
75
74
75
74
64
65
64
29
28
29
21
20
21
28
29
28
20
21
20
10
10
10
3
3
3
2
2
3
10
11
11
65
64
65
74
74
74
75
75
75
64
65
64
10
10
11
3
2
3
3
2
2
11
10
11
66
66
67
75
75
74
75
74
74
67
67
67
66
66
66
74
75
72
73
74
72
67
67
66
10
10
11
3
3
2
2
3
3
11
11
10
67
67
66
74
74
74
74
75
75
67
67
67
9
8
9
21
20
21
20
21
20
8
9
8
9
8
9
21
19
20
19
21
18
8
9
8
65
64
65
73
72
75
73
72
73
64
65
64
9
8
9
20
19
21
18
20
19
8
9
8
67
67
67
72
73
72
73
72
73
67
67
67
18
18
18
29
28
29
28
29
28
21
20
21
89
88
88
76
72
77
73
76
71
90
92
72
18
19
18
29
28
29
28
29
28
20
21
20
88
95
91
69
70
69
71
69
70
89
93
90
94
88
92
84
84
84
68
77
71
85
84
84
2
3
3
11
11
10
2
3
3
10
11
10
75
75
75
65
64
65
74
75
74
64
65
64
17
16
17
29
30
28
29
28
29
21
20
21
5
4
5
13
12
13
4
5
4
12
13
12
73
72
73
65
64
65
72
73
74
64
65
64
5
4
5
14
15
14
4
7
6
15
15
15
78
78
78
66
66
66
79
78
79
66
66
66
91
89
90
69
70
68
71
69
70
88
72
68
7
6
7
13
12
13
6
6
6
12
13
12
76
77
76
68
68
68
77
76
78
66
67
66
16
17
16
31
30
30
28
29
28
20
21
20
49
51
51
62
63
63
48
49
50
62
63
62
101
101
100
110
111
111
111
110
110
101
100
101
42
43
43
34
35
34
35
35
35
43
42
42
100
101
101
111
109
108
109
110
111
100
100
100
101
100
100
104
105
104
105
104
105
101
100
100
40
41
40
33
32
33
32
33
32
42
41
40
115
115
114
126
127
127
115
115
115
127
127
127
41
40
41
33
32
33
32
33
32
40
41
40
41
40
41
33
32
33
32
33
32
40
41
40
98
99
98
110
110
110
111
111
110
99
98
99
43
42
42
34
35
34
35
34
34
43
43
43
98
99
98
110
108
111
109
108
109
99
98
99
100
100
100
110
111
110
111
111
111
100
101
101
42
42
43
35
34
34
34
35
34
43
42
42
103
102
103
111
110
111
110
111
111
102
103
102
43
42
43
35
34
34
34
34
35
43
43
42
101
101
100
98
103
99
100
100
101
102
98
103
51
48
50
56
57
56
57
56
57
49
48
51
114
115
115
127
126
126
127
127
126
115
115
115
49
50
48
56
57
56
58
59
59
51
50
50
51
50
49
57
56
57
56
57
56
48
49
48
114
115
114
126
127
127
126
126
126
114
114
114
45
45
45
37
36
38
45
44
45
37
36
39
114
114
114
127
126
127
126
127
126
114
115
114
99
98
99
104
105
106
98
99
98
104
105
106
41
40
41
33
32
33
40
41
40
32
33
32
115
114
115
126
126
126
127
126
127
115
114
115
41
40
41
33
32
33
40
41
40
32
33
32
49
48
49
57
56
57
56
57
60
48
49
48
102
103
102
110
111
110
103
102
101
111
111
110
42
43
42
34
34
35
42
43
43
35
34
35
96
97
96
108
109
110
97
97
96
108
109
108
49
48
49
63
62
63
48
49
48
63
62
62
122
123
122
104
109
105
108
104
109
120
123
120
45
45
45
38
37
36
39
38
37
45
44
44
96
97
96
105
99
108
103
98
101
96
96
97
122
125
120
106
104
105
107
106
104
124
123
125
44
45
44
39
36
37
36
38
37
44
45
44
115
114
115
127
127
127
115
114
114
126
127
126
45
44
45
36
39
37
36
37
36
45
45
45
52
53
52
35
34
35
34
35
34
53
52
53
121
124
122
107
105
104
105
104
106
125
120
124
45
45
44
37
38
36
39
38
39
45
44
44
97
97
97
105
107
104
105
104
105
97
96
96
96
97
96
104
106
105
106
106
107
96
97
96
52
53
52
37
36
37
36
37
36
53
52
53
97
96
97
104
109
105
99
102
98
97
96
96
52
49
53
37
36
37
36
37
36
48
52
49
101
101
100
100
99
103
101
101
101
98
101
97
46
47
46
63
63
62
62
62
62
47
46
47
108
104
102
123
125
121
120
120
120
109
105
99
46
47
46
62
63
63
62
62
62
47
46
47
46
47
46
63
62
63
63
63
63
53
52
53
124
122
125
108
104
109
120
124
123
116
117
116
45
44
44
37
36
37
45
45
44
36
37
36
100
97
103
105
108
104
125
124
121
98
101
97
99
97
98
105
104
105
96
99
97
104
105
104
41
40
41
33
32
33
40
41
40
32
33
32
102
98
100
125
122
116
124
112
120
96
103
99
41
40
41
33
32
33
40
41
40
32
33
32
52
48
56
62
62
62
63
63
63
54
54
55
97
101
102
110
110
111
100
98
96
110
111
110
42
42
42
35
34
34
43
42
43
34
34
35
96
97
97
109
111
108
97
96
96
109
110
108
