97
97
97
97
97
97
97
97
97
97
97
97
12
12
12
11
11
11
8
8
8
12
12
12
99
99
99
98
98
98
98
98
98
99
99
99
10
10
10
10
10
10
10
10
10
10
10
10
7
7
7
7
7
7
7
7
7
7
7
7
106
106
106
107
107
107
107
107
107
106
106
106
12
12
12
8
8
8
8
8
8
12
12
12
103
103
103
103
103
103
103
103
103
103
103
103
104
104
104
105
105
105
105
105
105
104
104
104
13
13
13
14
14
14
14
14
14
13
13
13
108
108
108
108
108
108
108
108
108
108
108
108
10
10
10
10
10
10
10
10
10
10
10
10
12
12
12
11
11
11
11
11
11
12
12
12
111
111
111
109
109
109
109
109
109
111
111
111
12
12
12
9
9
9
8
8
8
12
12
12
101
101
101
101
101
101
101
101
101
101
101
101
0
0
0
1
1
1
1
1
1
0
0
0
106
106
106
99
99
99
99
99
99
106
106
106
8
8
8
8
8
8
8
8
8
8
8
8
103
103
103
100
100
100
100
100
100
103
103
103
105
105
105
102
102
102
102
102
102
105
105
105
7
7
7
6
6
6
6
6
6
7
7
7
106
106
106
102
102
102
102
102
102
106
106
106
3
3
3
2
2
2
2
2
2
3
3
3
4
4
4
5
5
5
5
5
5
4
4
4
104
104
104
111
111
111
111
111
111
104
104
104
14
14
14
14
14
14
14
14
14
14
14
14
105
105
105
101
101
101
101
101
101
105
105
105
104
104
104
101
101
101
101
101
101
104
104
104
13
13
13
13
13
13
13
13
13
13
13
13
109
109
109
100
100
100
100
100
100
109
109
109
11
11
11
11
11
11
11
11
11
11
11
11
96
96
96
96
96
96
96
96
96
96
96
96
0
0
0
6
6
6
6
6
6
0
0
0
99
99
99
98
98
98
98
98
98
99
99
99
1
1
1
3
3
3
3
3
3
1
1
1
1
1
1
3
3
3
3
3
3
1
1
1
106
106
106
107
107
107
107
107
107
106
106
106
2
2
2
6
6
6
6
6
6
2
2
2
102
102
102
102
102
102
102
102
102
102
102
102
104
104
104
105
105
105
105
105
105
104
104
104
5
5
5
5
5
5
5
5
5
5
5
5
108
108
108
111
111
111
111
111
111
108
108
108
2
2
2
5
5
5
5
5
5
2
2
2
0
0
0
4
4
4
4
4
4
0
0
0
109
109
109
111
111
111
111
111
111
109
109
109
15
15
15
15
15
15
15
15
15
15
15
15
100
100
100
100
100
100
100
100
100
100
100
100
0
0
0
1
1
1
1
1
1
0
0
0
96
96
96
110
110
110
110
110
110
96
96
96
9
9
9
9
9
9
9
9
9
9
9
9
97
97
97
99
99
99
99
99
99
97
97
97
97
97
97
107
107
107
107
107
107
97
97
97
7
7
7
6
6
6
6
6
6
7
7
7
98
98
98
108
108
108
108
108
108
98
98
98
2
2
2
3
3
3
3
3
3
2
2
2
4
4
4
4
4
4
4
4
4
4
4
4
107
107
107
110
110
110
110
110
110
107
107
107
15
15
15
14
14
14
14
14
14
15
15
15
103
103
103
110
110
110
110
110
110
103
103
103
96
96
96
110
110
110
110
110
110
96
96
96
15
15
15
13
13
13
13
13
13
15
15
15
98
98
98
109
109
109
109
109
109
98
98
98
9
9
9
9
9
9
9
9
9
11
11
11
61
61
61
52
52
52
52
52
52
61
61
61
82
82
82
82
82
82
82
82
82
82
82
82
63
63
63
50
50
50
50
50
50
63
63
63
89
89
89
89
89
89
89
89
89
89
89
89
81
81
81
81
81
81
81
81
81
81
81
81
59
59
59
55
55
55
55
55
55
59
59
59
85
85
85
85
85
85
85
85
85
85
85
85
61
61
61
58
58
58
58
58
58
61
61
61
60
60
60
52
52
52
52
52
52
60
60
60
87
87
87
86
86
86
86
86
86
87
87
87
60
60
60
50
50
50
50
50
50
60
60
60
93
93
93
93
93
93
93
93
93
93
93
93
91
91
91
90
90
90
90
90
90
91
91
91
48
48
48
49
49
49
49
49
49
48
48
48
95
95
95
95
95
95
95
95
95
95
95
95
61
61
61
51
51
51
51
51
51
61
61
61
89
89
89
90
90
90
90
90
90
89
89
89
55
55
55
49
49
49
49
49
49
55
55
55
88
88
88
95
95
95
95
95
95
88
88
88
63
63
63
62
62
62
62
62
62
63
63
63
59
59
59
58
58
58
58
58
58
59
59
59
86
86
86
86
86
86
86
86
86
86
86
86
57
57
57
57
57
57
57
57
57
57
57
57
88
88
88
92
92
92
92
92
92
88
88
88
91
91
91
92
92
92
92
92
92
91
91
91
55
55
55
48
48
48
48
48
48
55
55
55
91
91
91
92
92
92
92
92
92
91
91
91
60
60
60
62
62
62
61
61
61
60
60
60
53
53
53
49
49
49
49
49
49
53
53
53
91
91
91
95
95
95
95
95
95
91
91
91
51
51
51
48
48
48
48
48
48
51
51
51
89
89
89
92
92
92
92
92
92
89
89
89
52
52
52
59
59
59
59
59
59
52
52
52
82
82
82
83
83
83
83
83
83
82
82
82
50
50
50
56
56
56
56
56
56
50
50
50
88
88
88
88
88
88
88
88
88
88
88
88
80
80
80
80
80
80
80
80
80
80
80
80
55
55
55
56
56
56
56
56
56
55
55
55
84
84
84
84
84
84
84
84
84
84
84
84
62
62
62
57
57
57
57
57
57
62
62
62
52
52
52
58
58
58
58
58
58
52
52
52
86
86
86
87
87
87
87
87
87
86
86
86
50
50
50
57
57
57
57
57
57
50
50
50
93
93
93
93
93
93
93
93
93
93
93
93
90
90
90
90
90
90
90
90
90
90
90
90
49
49
49
48
48
48
48
48
48
49
49
49
94
94
94
94
94
94
94
94
94
94
94
94
53
53
53
62
62
62
62
62
62
53
53
53
83
83
83
80
80
80
80
80
80
83
83
83
54
54
54
54
54
54
54
54
54
54
54
54
84
84
84
82
82
82
82
82
82
84
84
84
63
63
63
63
63
63
63
63
63
63
63
63
59
59
59
58
58
58
58
58
58
59
59
59
85
85
85
81
81
81
81
81
81
85
85
85
56
56
56
56
56
56
56
56
56
56
56
56
85
85
85
81
81
81
81
81
81
85
85
85
87
87
87
80
80
80
80
80
80
87
87
87
54
54
54
54
54
54
54
54
54
54
54
54
84
84
84
87
87
87
87
87
87
84
84
84
60
60
60
62
62
62
61
61
61
60
60
60
53
53
53
53
53
53
53
53
53
53
53
53
83
83
83
83
83
83
83
83
83
83
83
83
51
51
51
51
51
51
51
51
51
51
51
51
94
94
94
94
94
94
94
94
94
94
94
94
72
72
72
73
73
73
73
73
73
72
72
72
37
37
37
36
36
36
36
36
36
37
37
37
79
79
79
66
66
66
66
66
66
79
79
79
45
45
45
45
45
45
45
45
45
45
45
45
43
43
43
43
43
43
43
43
43
43
43
43
74
74
74
65
65
65
65
65
65
74
74
74
41
41
41
40
40
40
40
40
40
41
41
41
75
75
75
67
67
67
67
67
67
75
75
75
75
75
75
64
64
64
64
64
64
75
75
75
35
35
35
35
35
35
35
35
35
35
35
35
71
71
71
65
65
65
65
65
65
71
71
71
47
47
47
46
46
46
46
46
46
47
47
47
33
33
33
32
32
32
32
32
32
33
33
33
77
77
77
64
64
64
64
64
64
77
77
77
38
38
38
39
39
39
39
39
39
38
38
38
76
76
76
68
68
68
68
68
68
76
76
76
42
42
42
32
32
32
32
32
32
42
42
42
79
79
79
73
73
73
73
73
73
79
79
79
41
41
41
39
39
39
39
39
39
41
41
41
78
78
78
72
72
72
72
72
72
78
78
78
75
75
75
73
73
73
73
73
73
75
75
75
40
40
40
34
34
34
34
34
34
40
40
40
67
67
67
66
66
66
66
66
66
67
67
67
41
41
41
47
47
47
47
47
47
41
41
41
42
42
42
32
32
32
32
32
32
42
42
42
64
64
64
65
65
65
65
65
65
64
64
64
40
40
40
34
34
34
34
34
34
40
40
40
71
71
71
70
70
70
70
70
70
71
71
71
76
76
76
72
72
72
72
72
72
76
76
76
35
35
35
33
33
33
33
33
33
35
35
35
69
69
69
68
68
68
68
68
68
69
69
69
47
47
47
33
33
33
33
33
33
47
47
47
72
72
72
73
73
73
73
73
73
72
72
72
37
37
37
36
36
36
36
36
36
37
37
37
78
78
78
66
66
66
66
66
66
78
78
78
44
44
44
44
44
44
44
44
44
44
44
44
42
42
42
42
42
42
42
42
42
42
42
42
74
74
74
67
67
67
67
67
67
74
74
74
40
40
40
41
41
41
41
41
41
40
40
40
74
74
74
70
70
70
70
70
70
77
77
77
74
74
74
70
70
70
70
70
70
77
77
77
34
34
34
34
34
34
34
34
34
34
34
34
71
71
71
69
69
69
69
69
69
71
71
71
46
46
46
47
47
47
47
47
47
46
46
46
33
33
33
32
32
32
32
32
32
33
33
33
77
77
77
69
69
69
69
69
69
77
77
77
39
39
39
38
38
38
38
38
38
39
39
39
76
76
76
68
68
68
68
68
68
76
76
76
44
44
44
36
36
36
36
36
36
44
44
44
79
79
79
79
79
79
79
79
79
79
79
79
45
45
45
37
37
37
37
37
37
45
45
45
78
78
78
78
78
78
78
78
78
78
78
78
75
75
75
74
74
74
74
74
74
75
75
75
43
43
43
36
36
36
36
36
36
43
43
43
67
67
67
66
66
66
66
66
66
67
67
67
45
45
45
43
43
43
43
43
43
45
45
45
46
46
46
35
35
35
35
35
35
46
46
46
65
65
65
64
64
64
64
64
64
65
65
65
46
46
46
38
38
38
38
38
38
46
46
46
71
71
71
70
70
70
70
70
70
71
71
71
76
76
76
77
77
77
77
77
77
76
76
76
39
39
39
37
37
37
37
37
37
39
39
39
68
68
68
69
69
69
69
69
69
68
68
68
44
44
44
38
38
38
38
38
38
44
44
44
26
26
26
29
29
29
29
29
29
26
26
26
113
113
113
118
118
118
118
118
118
113
113
113
19
19
19
17
17
17
17
17
17
19
19
19
115
115
115
117
117
117
117
117
117
115
115
115
112
112
112
118
118
118
118
118
118
112
112
112
22
22
22
22
22
22
22
22
22
22
22
22
125
125
125
125
125
125
125
125
125
125
125
125
19
19
19
18
18
18
18
18
18
19
19
19
26
26
26
29
29
29
29
29
29
26
26
26
123
123
123
123
123
123
123
123
123
123
123
123
23
23
23
23
23
23
23
23
23
23
23
23
127
127
127
127
127
127
127
127
127
127
127
127
112
112
112
114
114
114
114
114
114
112
112
112
27
27
27
29
29
29
29
29
29
27
27
27
121
121
121
120
120
120
120
120
120
121
121
121
27
27
27
29
29
29
29
29
29
27
27
27
113
113
113
113
113
113
113
113
113
113
113
113
30
30
30
30
30
30
30
30
30
30
30
30
121
121
121
124
124
124
124
124
124
121
121
121
31
31
31
31
31
31
31
31
31
31
31
31
31
31
31
28
28
28
31
31
31
28
28
28
123
123
123
124
124
124
124
124
124
123
123
123
21
21
21
21
21
21
21
21
21
21
21
21
127
127
127
124
124
124
124
124
124
127
127
127
123
123
123
124
124
124
124
124
124
123
123
123
28
28
28
28
28
28
28
28
28
28
28
28
120
120
120
122
122
122
122
122
122
120
120
120
31
31
31
28
28
28
31
31
31
28
28
28
24
24
24
25
25
25
25
25
25
24
24
24
121
121
121
122
122
122
122
122
122
121
121
121
30
30
30
30
30
30
30
30
30
30
30
30
120
120
120
127
127
127
127
127
127
120
120
120
25
25
25
26
26
26
26
26
26
25
25
25
113
113
113
117
117
117
117
117
117
113
113
113
17
17
17
17
17
17
17
17
17
17
17
17
115
115
115
117
117
117
117
117
117
115
115
115
112
112
112
117
117
117
117
117
117
112
112
112
21
21
21
21
21
21
21
21
21
21
21
21
125
125
125
125
125
125
125
125
125
125
125
125
19
19
19
18
18
18
18
18
18
19
19
19
24
24
24
26
26
26
26
26
26
24
24
24
122
122
122
122
122
122
122
122
122
122
122
122
20
20
20
20
20
20
20
20
20
20
20
20
126
126
126
126
126
126
126
126
126
126
126
126
112
112
112
114
114
114
114
114
114
112
112
112
25
25
25
27
27
27
27
27
27
25
25
25
121
121
121
120
120
120
120
120
120
121
121
121
24
24
24
27
27
27
27
27
27
24
24
24
114
114
114
115
115
115
115
115
115
114
114
114
16
16
16
22
22
22
22
22
22
16
16
16
116
116
116
116
116
116
116
116
116
116
116
116
16
16
16
18
18
18
18
18
18
16
16
16
16
16
16
22
22
22
22
22
22
16
16
16
118
118
118
118
118
118
118
118
118
118
118
118
16
16
16
18
18
18
18
18
18
16
16
16
116
116
116
116
116
116
116
116
116
116
116
116
119
119
119
119
119
119
119
119
119
119
119
119
20
20
20
20
20
20
20
20
20
20
20
20
126
126
126
126
126
126
126
126
126
126
126
126
19
19
19
23
23
23
23
23
23
19
19
19
25
25
25
24
24
24
24
24
24
25
25
25
119
119
119
119
119
119
119
119
119
119
119
119
17
17
17
23
23
23
23
23
23
17
17
17
114
114
114
115
115
115
115
115
115
114
114
114
