6
58
126
6
58
126
6
58
126
6
57
116
4
57
116
4
61
116
15
61
116
15
61
116
15
61
113
13
51
113
13
51
113
13
51
113
13
51
113
6
58
126
6
58
126
6
58
126
6
57
116
4
57
116
4
61
116
15
61
116
15
61
116
15
61
113
13
51
113
13
51
113
13
51
113
13
51
113
7
58
126
7
58
126
7
58
126
7
57
117
5
57
117
5
57
116
15
61
116
15
61
116
15
61
113
13
51
113
13
51
113
13
51
112
13
51
112
7
58
124
7
58
124
7
57
124
7
57
117
5
57
117
5
57
117
15
60
117
15
60
112
15
50
112
12
51
112
12
50
112
12
50
112
12
50
112
7
58
124
7
58
124
7
57
124
7
57
117
5
57
117
5
57
117
15
60
117
15
60
112
15
60
112
12
50
112
12
50
112
12
50
112
12
50
112
6
58
126
6
58
126
6
58
126
6
57
116
4
57
116
4
61
116
15
61
116
15
61
116
15
61
113
13
51
113
13
51
113
13
51
113
13
51
113
6
58
126
6
58
126
6
58
126
6
57
116
4
57
116
4
61
116
15
61
116
15
61
116
15
61
113
13
51
113
13
51
113
13
51
113
13
51
113
7
58
126
7
58
126
7
58
126
7
57
117
5
57
117
5
61
116
15
61
116
15
61
116
15
61
113
13
51
113
13
51
113
13
51
112
13
51
112
7
58
124
7
58
124
7
58
124
7
57
117
5
57
117
5
57
117
15
60
117
15
60
119
15
60
112
12
50
112
12
50
112
12
50
112
12
50
112
7
58
124
7
58
124
7
58
124
7
57
117
5
57
117
5
57
117
15
60
117
15
60
119
15
60
112
12
50
112
12
50
112
12
50
112
12
50
112
6
59
126
6
58
126
6
57
126
4
57
116
4
57
116
4
61
116
4
61
116
15
61
116
14
61
113
13
49
113
13
51
113
13
51
113
13
51
113
6
58
126
6
58
126
6
59
126
4
57
116
4
57
116
4
61
116
15
61
116
15
61
116
14
61
113
13
51
113
13
49
113
13
51
113
13
51
113
6
58
124
6
58
124
7
59
124
4
57
117
4
57
117
5
61
116
15
61
116
15
61
119
14
60
119
14
51
113
13
51
113
12
51
112
12
51
112
7
59
124
7
58
124
7
58
124
7
57
117
5
57
117
5
57
117
5
60
119
15
60
119
14
60
119
14
50
112
12
50
112
12
50
112
12
50
112
7
58
124
7
58
124
7
56
124
7
57
117
5
57
117
5
60
117
5
60
119
15
60
119
14
60
119
12
50
112
12
50
112
12
50
112
12
50
112
6
59
125
6
59
125
6
56
125
4
56
125
4
56
118
4
61
118
4
61
118
14
61
118
14
49
114
14
49
114
13
49
114
13
51
114
13
51
114
6
58
125
6
59
125
6
59
125
4
56
125
4
56
118
4
62
118
4
61
118
14
61
118
14
49
114
14
49
114
13
49
114
13
51
114
13
51
114
6
59
124
6
59
124
6
59
124
4
56
125
4
56
117
4
62
118
5
62
119
14
60
119
14
60
119
14
49
114
14
49
114
12
50
114
12
50
114
7
58
124
7
59
124
7
59
124
5
56
117
5
56
117
5
60
117
5
60
119
14
60
119
14
60
119
14
60
119
12
50
112
12
50
112
12
50
115
7
59
124
7
59
124
7
59
124
5
56
117
5
56
117
5
60
117
5
60
119
14
60
119
14
60
119
14
60
119
12
50
112
12
50
115
12
50
115
6
59
125
0
59
125
0
56
125
4
56
125
4
56
118
4
62
118
4
62
118
14
62
118
14
49
114
14
49
114
10
49
114
10
49
114
10
49
114
6
59
125
6
59
125
0
56
125
4
56
125
4
56
118
4
62
118
4
62
118
14
62
118
14
49
114
14
49
114
10
49
114
10
49
114
10
49
114
6
59
125
6
59
125
1
59
125
4
56
125
4
56
118
4
62
118
14
62
118
14
62
119
14
60
119
14
49
114
10
49
114
10
50
114
10
50
114
1
59
124
1
59
124
1
59
124
5
56
117
5
56
117
5
62
119
5
62
119
14
60
119
14
60
119
14
60
119
12
50
115
12
50
115
12
50
115
1
59
124
1
59
124
1
59
124
5
63
117
5
63
117
5
63
119
5
60
119
14
60
119
14
60
119
14
60
119
12
50
115
12
50
115
12
48
115
0
59
125
0
59
125
0
56
125
2
56
125
2
56
118
2
62
118
2
62
118
9
62
118
9
62
114
9
49
114
10
49
114
10
49
114
10
49
114
0
59
125
0
59
125
0
56
125
2
56
125
2
56
118
2
62
118
2
62
118
9
62
118
9
62
88
9
49
114
10
49
114
10
49
114
10
49
114
1
59
125
1
59
125
1
56
125
1
56
125
2
56
82
2
62
118
2
62
118
9
62
88
9
62
88
9
48
88
10
49
115
10
49
115
10
49
115
1
45
80
1
59
80
1
59
125
1
63
82
5
63
82
3
63
82
3
62
119
9
62
119
9
48
119
9
48
115
10
48
115
10
48
115
10
48
115
1
59
80
1
59
80
1
63
80
1
63
82
5
63
82
3
63
82
3
63
119
9
62
119
9
48
119
9
48
115
10
48
115
10
48
115
10
48
115
0
45
81
0
45
81
0
56
125
2
56
82
2
56
82
2
62
118
2
62
118
9
62
118
9
52
88
9
52
88
10
49
91
10
49
91
10
49
91
0
45
81
0
45
125
0
56
125
2
56
82
2
56
82
2
62
118
2
62
118
9
62
88
9
52
88
9
52
88
10
49
91
10
49
91
10
49
91
0
45
80
0
45
125
0
45
125
2
56
82
2
63
82
2
63
82
2
62
88
9
62
88
9
62
88
9
48
88
10
48
115
10
48
115
10
48
115
1
45
80
1
45
80
1
45
80
1
63
82
3
63
82
3
63
82
3
63
88
9
62
88
9
48
88
9
48
88
10
48
115
10
48
115
10
48
115
1
45
80
1
45
80
1
63
80
1
63
82
3
63
82
3
63
82
3
63
88
9
63
88
9
48
88
9
48
115
10
48
115
10
48
115
10
48
115
0
45
81
0
45
81
0
45
81
2
43
82
2
43
82
2
43
82
2
52
118
9
52
88
9
52
88
9
52
91
11
55
91
11
55
91
11
55
91
0
45
81
0
45
81
0
45
81
2
43
82
2
43
82
2
43
82
2
52
88
9
52
88
9
52
88
9
52
91
11
55
91
11
55
91
11
55
91
0
45
81
0
45
81
0
45
81
3
43
82
3
63
82
3
63
82
3
52
88
8
52
88
8
52
88
8
48
88
11
48
91
11
48
91
11
48
91
1
45
80
1
45
80
1
45
80
3
63
82
3
63
82
3
63
82
3
63
88
8
53
88
8
53
88
8
48
88
8
48
115
11
48
115
11
48
115
1
45
80
1
45
80
1
45
80
3
63
82
3
63
82
3
63
82
3
63
88
8
53
88
8
53
88
8
48
88
8
48
115
11
48
115
11
48
115
0
45
81
0
45
81
0
43
81
2
43
81
2
43
82
2
43
82
2
52
89
8
52
89
8
52
91
8
55
91
11
55
91
11
55
91
11
55
91
0
45
81
0
45
81
0
43
81
2
43
81
2
43
82
2
43
82
2
52
89
8
52
89
8
52
91
8
55
91
11
55
91
11
55
91
11
55
91
0
45
81
0
45
81
0
43
81
3
43
83
3
43
83
3
43
83
3
52
89
8
52
89
8
52
89
8
55
91
11
55
91
11
55
91
11
55
91
1
45
80
1
45
80
1
45
80
3
43
83
3
63
83
3
63
83
3
53
89
8
53
89
8
53
88
8
53
90
8
54
90
11
54
90
11
54
90
1
45
80
1
45
80
1
40
80
3
63
83
3
63
83
3
63
83
3
53
89
8
53
89
8
53
88
8
53
90
8
54
90
11
54
90
11
54
90
21
41
81
21
41
81
21
41
81
23
43
81
23
43
86
23
43
86
24
52
89
24
52
89
8
52
89
8
55
91
11
55
91
11
55
91
11
55
91
21
41
81
21
41
81
21
41
81
23
43
83
23
43
83
23
43
86
24
52
89
24
52
89
8
52
89
8
55
91
11
55
91
11
55
91
11
55
91
21
41
80
21
41
81
21
43
81
23
43
83
23
43
83
3
43
83
24
52
89
24
52
89
8
53
89
8
55
90
11
55
90
11
54
90
11
54
90
20
40
80
20
40
80
20
40
80
22
43
83
3
43
83
3
53
83
24
53
89
24
53
89
8
53
89
8
53
90
27
54
90
11
54
90
11
54
90
20
40
80
20
40
80
20
40
80
22
40
83
3
63
83
3
53
83
24
53
89
24
53
89
8
53
89
8
53
90
27
54
90
27
54
90
11
54
90
21
41
81
21
41
81
21
41
81
23
41
86
23
43
86
23
42
86
24
52
86
24
52
89
24
52
92
26
55
92
26
55
95
26
55
95
26
55
95
21
41
81
21
41
81
21
41
81
23
41
83
23
43
86
23
42
86
24
42
86
24
52
89
24
52
92
26
55
92
26
55
95
26
55
95
26
55
95
21
41
80
21
41
81
21
41
83
23
43
83
23
43
83
23
42
83
24
42
89
24
53
89
24
53
89
27
53
90
27
54
90
27
54
90
26
54
90
20
40
80
20
40
80
20
40
83
22
40
83
22
43
83
22
42
83
24
53
89
24
53
89
24
53
89
27
53
90
27
54
90
27
54
90
27
54
90
20
40
80
20
40
80
20
40
83
22
40
83
22
40
83
22
53
83
24
53
89
24
53
89
24
53
89
27
53
90
27
54
90
27
54
90
27
54
90
21
41
85
21
41
85
21
41
85
23
41
86
23
42
86
23
42
86
24
42
86
24
127
92
26
127
92
26
123
92
26
123
95
26
55
95
26
55
95
21
41
85
21
41
85
21
41
85
23
41
85
23
42
86
23
42
86
24
42
86
24
127
92
24
127
92
26
123
92
26
123
95
26
123
95
26
123
95
21
40
84
21
41
85
21
41
85
23
41
83
23
42
83
22
42
86
24
42
86
24
42
92
24
53
92
27
122
92
27
54
95
26
54
95
26
54
95
20
40
84
20
40
84
20
40
84
22
40
83
22
42
83
22
42
87
22
42
87
24
53
89
24
53
93
27
122
93
27
54
90
27
54
90
27
54
90
20
40
84
20
40
84
20
40
84
22
40
83
22
42
83
22
42
87
22
126
87
24
53
89
24
122
93
27
122
93
27
54
90
27
54
90
27
54
90
21
41
85
21
41
85
21
41
85
23
102
85
23
102
86
23
42
86
25
127
86
25
127
92
26
127
92
26
123
92
26
123
95
26
123
95
26
123
95
21
41
85
21
41
85
21
41
85
23
102
85
23
42
86
23
42
86
25
127
86
25
127
92
25
127
92
26
123
92
26
123
95
26
123
95
26
123
95
20
40
84
20
40
84
20
41
85
22
41
85
22
42
87
22
42
87
25
42
87
25
127
92
25
122
92
27
122
92
27
123
95
26
123
95
26
123
95
20
40
84
20
40
84
20
40
84
22
40
84
22
42
87
22
42
87
22
42
87
25
126
93
25
122
93
27
122
93
27
122
93
27
54
95
27
54
95
20
40
84
20
40
84
20
40
84
22
40
84
22
42
87
22
42
87
22
42
87
25
126
93
25
122
93
27
122
93
27
122
93
27
54
95
27
54
95
21
102
85
21
102
85
16
102
85
23
102
85
23
102
86
23
127
86
25
127
86
25
127
92
25
127
92
26
123
92
26
123
92
26
123
95
31
123
95
21
102
85
16
102
85
16
102
85
23
102
85
23
102
86
25
127
86
25
127
86
25
127
92
25
127
92
26
123
92
26
123
92
31
123
95
31
123
95
20
102
84
20
102
84
16
102
84
22
102
85
22
42
87
22
42
87
25
127
87
25
126
92
25
122
93
27
122
93
31
123
95
31
123
95
31
123
95
20
103
84
20
103
84
20
103
84
22
103
84
22
42
87
22
42
87
25
126
87
25
126
93
25
122
93
27
122
93
27
122
93
31
122
95
31
122
95
20
103
84
20
103
84
20
103
84
22
103
84
22
42
87
22
42
87
25
126
87
25
126
93
25
122
93
27
122
93
27
122
93
31
122
95
31
122
95
16
102
85
16
102
85
16
102
85
16
102
85
18
102
86
18
127
86
25
127
86
25
127
92
29
127
92
29
123
92
31
123
94
31
123
94
31
123
94
16
102
85
16
102
85
16
102
85
16
102
85
18
102
75
18
127
86
25
127
86
25
127
92
29
127
92
29
123
92
31
123
94
31
123
94
31
123
94
16
102
84
16
102
84
16
102
84
16
102
75
19
101
87
19
127
87
25
127
87
25
127
93
29
120
93
29
122
93
31
123
94
31
123
94
31
123
94
20
103
84
17
103
84
17
103
84
17
101
84
19
101
87
19
101
87
25
126
87
25
126
93
25
122
93
28
122
93
31
122
94
31
122
94
31
122
94
17
103
84
17
103
84
17
103
84
17
103
84
19
101
87
19
101
87
25
126
87
25
126
93
28
122
93
28
122
93
31
122
93
31
122
94
31
122
94
16
102
73
16
102
73
16
102
85
16
102
75
18
100
75
18
100
75
29
127
71
29
127
71
29
127
71
29
120
71
31
121
94
31
121
94
31
121
94
16
102
73
16
102
73
16
102
85
16
102
75
18
100
75
18
100
75
29
127
71
29
127
71
29
120
71
29
120
94
31
121
94
31
121
94
31
121
94
16
103
72
16
103
72
17
103
72
17
101
75
19
101
75
19
101
75
19
127
71
29
120
71
29
120
93
29
120
94
31
121
94
31
121
94
31
121
94
17
103
72
17
103
72
17
103
72
17
101
75
19
101
75
19
101
87
19
101
87
28
120
93
28
120
93
28
120
93
31
122
94
31
121
94
31
121
94
17
103
72
17
103
72
17
103
72
17
101
75
19
101
87
19
101
87
19
101
87
28
120
93
28
120
93
28
120
93
28
122
94
31
122
94
31
122
94
16
96
73
16
96
73
16
96
73
18
100
75
18
100
75
18
100
75
29
100
71
29
127
71
29
120
71
29
120
71
30
121
68
30
121
68
30
121
68
16
96
73
16
96
73
16
96
73
18
100
75
18
100
75
18
100
75
29
100
71
29
120
71
29
120
71
29
120
71
30
121
68
30
121
68
30
121
68
16
103
72
17
103
72
17
103
72
17
101
75
18
101
75
19
100
75
19
100
71
29
120
71
29
120
71
29
120
71
30
121
94
30
121
68
30
121
94
17
103
72
17
103
72
17
103
72
17
101
75
19
101
75
19
101
75
19
101
70
28
120
70
28
120
70
28
120
70
28
121
94
30
121
94
30
121
94
17
103
72
17
103
72
17
103
72
17
101
75
19
101
75
19
101
70
19
101
70
28
120
70
28
120
70
28
120
70
28
121
94
30
121
94
30
121
94
16
96
73
16
96
73
18
96
73
18
100
73
18
100
75
18
100
75
18
100
71
29
109
71
29
120
71
29
106
71
30
106
68
30
121
68
30
121
68
16
96
73
16
96
73
18
96
73
18
100
73
18
100
75
18
100
75
18
100
71
29
109
71
29
120
71
29
120
71
30
106
68
30
121
68
30
121
68
17
96
72
17
96
72
17
96
72
18
100
75
18
100
75
19
100
75
19
100
70
29
109
70
28
120
71
28
120
71
30
121
68
30
121
68
30
121
68
17
103
72
17
103
72
17
103
72
17
101
75
19
101
75
19
101
70
19
101
70
28
120
70
28
120
70
28
120
70
28
121
69
30
121
69
30
121
69
17
103
72
17
103
72
17
103
72
17
101
75
19
101
75
19
101
70
19
101
70
28
120
70
28
120
70
28
120
70
28
121
69
30
121
69
30
121
69
33
96
73
33
96
73
18
96
73
18
100
73
18
100
74
18
100
74
36
109
71
36
109
71
29
109
71
46
106
71
46
106
68
30
106
68
30
106
68
33
96
73
33
96
73
33
96
73
18
100
73
18
100
74
18
100
74
36
109
71
36
109
71
36
109
71
46
106
71
46
106
68
30
106
68
30
106
68
33
96
73
33
96
73
33
96
73
18
100
74
18
100
74
19
100
74
36
109
70
36
109
70
28
109
70
28
107
69
46
107
69
30
106
68
30
106
68
33
97
72
33
97
72
33
97
72
32
97
74
19
101
74
19
101
70
19
108
70
28
108
70
28
120
70
28
107
69
28
107
69
30
107
69
30
107
69
33
97
72
33
97
72
33
97
72
32
97
74
19
101
74
19
101
70
19
108
70
28
108
70
28
108
70
28
107
69
28
107
69
30
107
69
30
107
69
33
96
73
33
96
73
33
96
73
32
100
73
32
100
74
36
109
74
36
109
67
36
109
67
36
109
67
46
109
67
46
106
68
46
106
68
46
106
68
33
96
73
33
96
73
33
96
73
32
100
74
32
100
74
36
109
74
36
109
67
36
109
67
36
109
67
46
109
67
46
106
68
46
106
68
46
106
68
33
96
73
33
96
73
33
97
73
32
97
74
32
97
74
37
109
74
36
109
74
36
109
67
36
109
67
46
107
69
46
107
69
46
106
69
47
106
69
33
97
72
33
97
72
33
97
74
32
97
74
32
97
74
37
108
74
37
108
70
37
108
70
28
108
70
47
107
69
47
107
69
47
107
69
47
107
69
33
97
72
33
97
72
33
97
74
32
97
74
32
97
74
37
108
74
37
108
70
37
108
70
37
108
70
47
107
69
47
107
69
47
107
69
47
107
69
33
96
76
33
96
76
32
99
76
32
99
79
32
111
79
36
111
67
36
109
67
36
109
67
36
109
67
46
109
67
46
106
68
46
106
68
46
106
68
33
96
76
33
96
76
32
99
76
32
99
79
32
111
74
36
111
74
36
109
67
36
109
67
36
109
67
46
109
67
46
106
68
46
106
68
46
106
68
33
98
76
33
97
76
32
97
76
32
97
74
32
97
74
37
108
74
37
108
67
36
108
67
36
109
67
46
107
67
46
107
69
47
106
69
47
106
69
33
97
76
33
97
76
32
97
76
32
97
74
32
97
74
37
108
74
37
108
66
37
108
66
37
108
67
47
107
69
47
107
69
47
107
69
47
107
69
33
97
76
33
97
76
32
97
76
32
97
74
32
97
74
37
108
74
37
108
66
37
108
66
37
108
66
47
107
69
47
107
69
47
107
69
47
107
69
34
99
76
34
99
76
34
99
76
32
99
79
32
111
79
36
111
79
36
111
67
36
109
67
36
109
67
46
105
67
46
106
64
46
106
64
46
106
64
34
98
76
34
99
76
34
99
76
32
99
79
32
111
79
36
111
79
36
111
67
36
109
67
36
109
67
46
105
67
46
106
64
46
106
64
46
106
64
34
98
76
34
98
76
32
99
76
32
99
76
32
111
79
37
111
79
37
108
67
37
108
67
37
108
67
46
107
67
47
107
65
47
106
64
47
106
64
35
98
76
35
98
76
35
97
76
32
97
76
32
110
78
37
108
78
37
108
66
37
108
66
37
108
66
47
107
65
47
107
65
47
107
65
47
107
65
35
98
76
35
98
76
35
97
76
32
97
76
32
110
78
37
110
78
37
108
66
37
108
66
37
108
66
47
104
65
47
107
65
47
107
65
47
107
65
34
99
77
34
99
77
34
99
77
34
99
79
39
111
79
39
111
79
36
111
79
36
111
67
38
105
64
38
106
64
46
105
64
44
105
64
44
105
64
34
99
77
34
99
77
34
99
77
34
99
79
39
111
79
39
111
79
36
111
79
38
111
67
38
105
67
38
105
64
44
105
64
44
105
64
44
105
64
34
98
77
34
98
77
34
99
77
35
99
78
39
111
78
39
111
78
37
111
78
38
108
66
38
108
66
38
105
65
44
105
65
44
104
64
44
104
64
35
98
76
35
98
76
35
98
76
35
110
78
39
110
78
39
110
78
37
110
78
37
108
66
38
108
66
47
104
65
47
104
65
47
104
65
47
104
65
35
98
76
35
98
76
35
98
76
35
110
78
39
110
78
39
110
78
37
110
78
37
108
66
37
104
66
47
104
65
47
104
65
47
104
65
47
104
65
34
99
77
34
99
77
34
99
77
34
99
79
39
111
79
39
111
79
39
111
79
38
111
79
38
105
64
38
105
64
44
105
64
44
105
64
44
105
64
34
99
77
34
99
77
34
99
77
34
99
79
39
111
79
39
111
79
39
111
79
38
111
66
38
105
66
38
105
64
44
105
64
44
105
64
44
105
64
34
98
77
34
98
77
35
98
77
35
110
78
39
110
78
39
110
78
39
110
78
38
110
66
38
105
66
38
105
66
44
105
65
44
104
65
44
104
64
35
98
77
35
98
77
35
98
77
35
110
78
39
110
78
39
110
78
39
110
78
38
110
66
38
104
66
38
104
65
44
104
65
44
104
65
44
104
65
35
98
77
35
98
77
35
98
77
35
110
78
39
110
78
39
110
78
39
110
78
38
110
66
38
104
66
38
104
65
44
104
65
44
104
65
44
104
65
34
99
77
34
99
77
34
99
77
34
99
79
39
111
79
39
111
79
39
111
79
38
111
79
38
105
64
38
105
64
44
105
64
44
105
64
44
105
64
34
99
77
34
99
77
34
99
77
34
99
79
39
111
79
39
111
79
39
111
79
38
111
66
38
105
66
38
105
64
44
105
64
44
105
64
44
105
64
34
98
77
34
98
77
35
98
77
35
110
78
39
110
78
39
110
78
39
110
66
38
110
66
38
105
66
38
105
66
44
105
65
44
104
65
44
104
65
35
98
77
35
98
77
35
98
77
35
98
78
39
110
78
39
110
78
39
110
78
38
110
66
38
104
66
38
104
66
44
104
65
44
104
65
44
104
65
35
98
77
35
98
77
35
98
77
35
98
78
35
110
78
39
110
78
39
110
78
38
110
66
38
104
66
38
104
65
44
104
65
44
104
65
44
104
65
