6
58
126
6
58
126
6
58
126
6
57
116
4
57
116
4
57
116
15
61
116
15
61
116
15
61
113
13
51
113
13
51
113
13
51
113
13
51
113
6
58
126
6
58
126
6
58
126
6
57
116
4
57
116
4
57
116
15
61
116
15
61
116
15
61
113
13
51
113
13
51
113
13
51
113
13
51
113
7
58
124
7
58
124
7
58
126
7
57
117
5
57
117
5
57
116
15
61
116
15
61
116
15
61
113
13
51
113
13
50
113
13
50
112
13
51
112
7
58
124
7
58
124
7
58
124
7
58
117
5
57
117
5
57
117
15
60
117
15
60
117
15
60
112
15
50
112
12
50
112
12
50
112
12
50
112
7
58
124
7
58
124
7
58
124
7
58
117
5
57
117
5
57
117
15
60
117
15
60
117
15
60
112
15
50
112
12
50
112
12
50
112
12
50
112
6
58
126
6
58
126
6
58
126
6
57
116
4
57
116
4
57
116
15
61
116
15
61
116
15
61
113
13
51
113
13
51
113
13
51
113
13
51
113
6
58
126
6
58
126
6
58
126
6
57
116
4
57
116
4
57
116
15
61
116
15
61
116
15
61
113
13
51
113
13
51
113
13
51
113
13
51
113
7
58
124
7
58
124
7
58
126
7
57
117
5
57
117
5
57
116
15
61
116
15
61
116
15
61
113
13
51
113
13
51
113
13
50
112
13
50
112
7
58
124
7
58
124
7
58
124
7
58
117
5
57
117
5
57
117
15
60
117
15
60
117
15
60
112
15
50
112
12
50
112
12
50
112
12
50
112
7
58
124
7
58
124
7
58
124
7
58
117
5
57
117
5
57
117
5
60
117
15
60
117
15
60
112
15
50
112
12
50
112
12
50
112
12
50
112
6
59
126
6
59
126
6
59
126
6
57
116
4
57
116
4
61
116
4
61
118
15
61
118
14
61
113
13
51
113
13
51
113
13
51
113
13
51
113
6
59
126
6
59
126
6
59
126
6
57
116
4
57
116
4
61
116
4
61
116
15
61
118
14
61
113
13
51
113
13
51
113
13
51
113
13
51
113
6
59
124
6
59
124
6
59
124
7
57
117
5
57
117
5
57
116
15
61
116
15
61
119
14
61
113
14
51
113
12
50
113
12
50
112
12
50
112
7
59
124
7
59
124
7
58
124
7
58
117
5
57
117
5
57
117
5
60
119
15
60
119
14
60
112
14
50
112
12
50
112
12
50
112
12
50
112
7
59
124
7
59
124
7
58
124
7
58
117
5
57
117
5
57
117
5
60
119
15
60
119
14
60
112
14
50
112
12
50
112
12
50
112
12
50
112
6
59
125
6
59
125
6
59
125
4
56
116
4
56
116
4
61
118
4
61
118
14
61
118
14
61
118
14
51
114
13
51
114
13
51
114
13
51
114
6
59
125
6
59
125
6
59
125
4
56
116
4
56
116
4
61
118
4
61
118
14
61
118
14
61
118
14
51
114
13
51
114
13
51
114
13
51
114
6
59
124
6
59
124
6
59
124
4
56
117
4
56
117
4
56
118
4
61
118
14
60
119
14
60
119
14
51
114
12
51
114
12
50
115
12
50
115
7
59
124
7
59
124
7
59
124
5
56
117
5
56
117
5
56
119
5
60
119
14
60
119
14
60
119
14
48
115
12
50
115
12
50
115
12
50
115
7
59
124
7
59
124
7
59
124
5
56
117
5
56
117
5
56
119
5
60
119
14
60
119
14
60
119
14
48
115
12
50
115
12
50
115
12
50
115
0
44
125
0
44
125
6
56
125
4
56
125
4
56
118
4
56
118
4
62
118
14
62
118
14
62
118
14
49
114
10
49
114
10
49
114
10
49
114
0
44
125
0
44
125
6
56
125
4
56
125
4
56
118
4
56
118
4
62
118
14
62
118
14
62
118
14
49
114
10
49
114
10
49
114
10
49
114
1
59
125
1
59
125
1
56
125
4
56
125
4
56
118
4
56
118
4
62
118
14
60
119
14
60
119
14
49
114
10
49
114
10
49
115
10
49
115
1
59
124
1
59
124
1
59
125
5
56
125
5
56
119
5
56
119
5
62
119
14
60
119
14
60
119
14
48
115
12
48
115
12
48
115
12
48
115
1
59
124
1
59
124
1
59
125
5
56
125
5
56
119
5
56
119
5
62
119
14
60
119
14
60
119
14
48
115
12
48
115
12
48
115
12
48
115
0
44
125
0
44
125
0
56
125
2
56
125
2
62
118
2
62
118
2
62
118
9
62
118
9
62
118
9
49
114
10
49
114
10
49
114
10
49
114
0
44
125
0
44
125
0
56
125
2
56
125
2
62
118
2
62
118
2
62
118
9
62
118
9
62
118
9
49
114
10
49
114
10
49
114
10
49
114
1
45
125
1
45
125
1
56
125
2
56
125
2
62
118
3
62
118
3
62
118
9
60
119
9
60
119
9
49
114
10
49
114
10
49
115
10
49
115
1
45
125
1
45
125
1
45
125
2
56
125
2
56
119
3
63
119
3
63
119
9
60
119
9
60
119
9
48
115
10
48
115
10
48
115
10
49
115
1
45
80
1
45
80
1
63
80
2
63
125
3
63
119
3
63
119
3
63
119
9
60
119
9
60
119
9
48
115
10
48
115
10
48
115
10
48
115
0
45
81
0
45
81
0
63
81
2
62
82
1
62
82
2
62
82
2
62
88
9
62
88
9
62
88
9
52
88
10
49
114
10
49
114
10
49
114
0
45
81
0
45
81
0
63
81
2
62
82
2
62
82
2
62
82
2
62
88
9
62
88
9
52
88
9
52
88
10
49
114
10
49
114
10
49
114
0
45
81
0
45
81
1
63
81
1
63
82
3
63
82
3
63
82
3
52
88
9
52
88
9
52
88
9
52
88
10
48
114
10
48
115
10
48
115
1
45
80
1
63
80
1
45
80
2
63
82
3
63
82
3
63
82
3
63
88
9
63
88
9
53
88
9
48
88
10
48
115
10
48
115
10
48
115
1
45
80
1
45
80
1
45
80
2
63
82
3
63
82
3
63
82
3
63
88
9
63
88
9
53
88
9
48
88
10
48
115
10
48
115
10
48
115
0
45
81
0
45
81
0
63
81
2
43
82
2
62
82
2
62
82
2
62
88
9
52
88
9
52
88
9
52
91
11
49
91
11
49
91
11
49
91
0
45
81
0
45
81
0
63
81
2
43
82
2
62
82
2
62
82
2
52
88
9
52
88
9
52
88
9
52
88
11
49
91
11
49
91
11
49
91
0
45
81
0
45
81
0
63
81
3
63
82
3
63
82
3
63
82
3
52
88
8
52
88
8
52
88
8
52
88
11
48
90
11
48
90
11
48
90
1
45
80
1
45
80
1
63
80
1
63
82
3
63
82
3
63
82
3
63
88
8
53
88
8
53
88
8
48
88
11
48
90
11
48
90
11
48
90
1
45
80
1
45
80
1
45
80
3
63
82
3
63
82
3
63
82
3
63
88
8
53
88
8
53
88
8
48
88
8
48
90
11
48
90
11
48
90
0
45
81
0
45
81
0
41
81
2
43
83
2
43
82
2
62
82
2
52
89
8
52
89
8
52
89
8
55
91
11
55
91
11
55
91
11
55
91
0
45
81
0
45
81
0
41
81
2
43
83
2
43
82
2
43
82
2
52
89
8
52
89
8
52
89
8
55
91
11
55
91
11
55
91
11
49
91
0
45
81
0
45
81
0
43
81
3
43
83
3
43
82
3
43
82
3
53
89
8
53
89
8
53
89
8
52
91
11
55
91
11
55
90
11
55
90
1
45
80
1
45
80
1
43
80
3
43
83
3
43
83
3
43
82
3
53
89
8
53
89
8
53
89
8
54
90
8
54
90
11
54
90
11
54
90
1
45
80
1
45
80
20
43
80
3
43
83
3
43
83
3
53
82
3
53
89
8
53
89
8
53
89
8
54
90
8
54
90
11
54
90
11
54
90
21
41
81
21
41
81
21
41
81
23
41
83
23
43
83
23
43
83
24
52
89
24
52
89
8
52
89
8
55
91
11
55
91
11
55
91
11
55
91
21
41
81
21
41
81
21
41
81
23
43
83
23
43
83
23
43
83
24
52
89
2
52
89
8
52
89
8
55
91
11
55
91
11
55
91
11
55
91
21
41
80
21
41
80
21
41
80
23
43
83
23
43
83
23
43
83
24
53
89
24
53
89
8
53
89
8
55
91
8
55
91
11
55
90
11
55
90
20
40
80
20
40
80
20
43
80
22
43
83
22
43
83
22
43
83
24
53
89
24
53
89
8
53
89
8
54
90
8
54
90
11
54
90
11
54
90
20
40
80
20
40
80
20
43
80
22
43
83
22
43
83
22
43
83
24
53
89
24
53
89
24
53
89
8
54
90
8
54
90
11
54
90
11
54
90
21
41
81
21
41
81
21
41
81
23
41
83
23
42
83
23
42
83
24
43
86
24
52
86
24
52
89
26
55
91
26
55
91
26
55
91
26
55
91
21
41
81
21
41
81
21
41
81
23
41
83
23
42
83
23
42
83
24
43
86
24
52
89
24
52
89
26
55
91
26
55
91
26
55
91
26
55
91
21
41
80
21
41
80
21
41
80
23
41
83
23
43
83
23
42
83
24
42
86
24
53
89
24
53
89
27
54
91
27
54
91
27
54
90
27
55
90
20
40
80
20
40
80
20
40
80
22
40
83
22
43
83
22
42
83
24
42
86
24
53
89
24
53
89
27
54
90
27
54
90
27
54
90
27
54
90
20
40
80
20
40
80
20
40
80
22
40
83
22
43
83
22
42
83
24
42
86
24
53
89
27
53
89
27
54
90
27
54
90
27
54
90
27
54
90
21
41
85
21
41
85
21
41
85
23
41
85
23
42
86
23
42
83
24
42
86
24
52
92
24
52
92
26
55
92
26
55
95
26
55
95
26
55
95
21
41
85
21
41
85
21
41
85
23
41
85
23
42
86
23
42
86
24
42
86
24
52
92
24
52
92
26
55
92
26
55
95
26
55
95
26
55
95
21
40
85
21
40
85
21
40
85
23
40
85
23
42
86
23
42
86
24
42
86
24
53
92
24
53
92
27
54
92
27
54
95
27
54
95
27
54
95
20
40
84
20
40
84
20
40
84
22
40
87
22
42
87
22
42
86
24
42
86
24
53
93
24
53
93
27
54
93
27
54
95
27
54
95
27
54
95
20
40
84
20
40
84
20
40
84
22
40
87
22
42
87
22
42
86
24
42
86
24
53
93
24
53
93
27
54
93
27
54
95
27
54
95
27
54
95
21
41
85
21
41
85
21
41
85
23
102
85
23
42
86
23
42
86
25
42
86
25
127
92
25
127
92
26
123
92
26
123
95
26
123
95
26
123
95
21
41
85
21
41
85
21
41
85
23
41
85
23
42
86
23
42
86
25
42
86
25
127
92
25
127
92
26
123
92
26
123
95
26
123
95
26
123
95
20
40
84
20
40
84
20
40
85
22
40
85
22
42
87
22
42
87
22
126
87
25
127
92
25
127
92
27
123
92
26
123
95
26
123
95
26
123
95
20
40
84
20
40
84
20
40
84
22
40
87
22
42
87
22
42
87
25
42
87
25
126
93
25
126
93
27
122
93
27
122
95
27
122
95
27
122
95
20
40
84
20
40
84
20
40
84
22
40
87
22
42
87
22
42
87
25
42
87
25
126
93
25
126
93
27
122
93
27
122
95
27
122
95
27
122
95
21
102
85
21
102
85
21
102
85
23
102
85
23
102
86
23
127
86
25
127
86
25
127
92
25
127
92
26
123
92
26
123
94
26
123
94
26
123
94
21
102
85
21
102
85
21
102
85
23
102
85
23
102
86
23
127
86
25
127
86
25
127
92
25
127
92
26
123
92
26
123
94
26
123
94
26
123
94
20
40
84
20
102
84
20
102
84
22
102
87
22
102
87
22
127
87
25
127
87
25
127
92
25
127
93
26
122
93
26
123
95
26
123
95
26
123
95
20
103
84
20
103
84
20
103
84
22
103
87
22
103
87
22
127
87
25
127
87
25
126
93
25
126
93
27
122
93
31
122
95
31
122
95
31
122
95
20
103
84
20
103
84
20
103
84
22
103
84
22
103
87
22
127
93
25
126
87
25
126
93
25
126
93
27
122
93
31
122
95
31
122
95
31
122
95
16
102
85
16
102
85
16
102
85
16
102
85
18
100
86
18
127
86
25
127
86
25
127
92
25
123
92
29
123
92
31
123
94
31
123
94
31
123
94
16
102
85
16
102
85
16
102
85
16
102
85
18
100
86
18
127
86
25
127
86
25
127
92
29
123
92
29
123
92
31
123
94
31
123
94
31
123
94
16
102
84
16
102
84
17
102
84
17
102
87
19
100
87
19
127
75
25
127
87
25
127
93
29
127
93
29
122
93
31
122
94
31
122
94
31
122
94
17
103
84
17
103
84
17
103
84
17
103
84
19
100
87
19
127
75
25
127
87
25
126
93
28
126
93
28
122
93
31
122
94
31
122
94
31
122
94
17
103
84
17
103
84
17
103
84
17
103
84
19
100
87
19
127
87
28
126
87
25
126
93
28
126
93
28
122
93
31
122
94
31
122
94
31
122
94
16
102
73
16
102
73
16
100
73
16
100
75
18
100
86
18
100
86
18
127
92
29
120
92
29
120
92
29
120
92
31
123
94
31
123
94
31
123
94
16
102
73
16
102
73
16
102
73
16
100
75
18
100
86
18
100
75
18
127
92
29
120
92
29
120
92
29
120
92
31
123
94
31
123
94
31
123
94
16
102
72
16
102
72
17
102
72
17
100
87
19
100
87
19
100
87
19
127
87
29
120
93
29
120
93
29
120
93
31
122
94
31
122
94
31
122
94
17
103
72
17
103
72
17
103
72
17
101
75
19
101
75
19
101
75
19
127
87
28
120
93
28
120
93
28
120
93
31
122
94
31
122
94
31
122
94
17
103
72
17
103
72
17
103
72
17
101
84
19
101
75
19
101
84
19
127
87
28
120
93
28
120
93
28
120
93
31
122
94
31
122
94
31
122
94
16
102
73
16
102
73
16
100
73
17
100
75
18
100
75
18
100
75
18
100
71
29
120
71
29
120
71
29
121
71
30
121
68
30
121
68
30
121
68
16
102
73
16
102
73
16
100
73
17
100
75
18
100
75
18
100
75
18
100
71
29
120
71
29
120
71
29
121
71
30
121
68
30
121
68
30
121
68
16
103
72
16
103
72
16
100
72
17
100
75
19
101
75
19
101
75
19
101
75
29
120
70
29
120
70
29
120
71
30
121
68
30
121
68
30
121
68
17
103
72
17
103
72
17
103
72
17
101
75
19
101
75
19
101
75
19
101
75
28
120
70
28
120
70
28
120
68
28
121
69
30
121
69
30
121
69
17
103
72
17
103
72
17
103
72
17
101
75
19
101
75
19
101
75
19
101
75
28
120
70
28
120
70
28
120
68
28
121
69
30
121
69
30
121
69
16
96
73
16
96
73
16
100
73
18
100
73
18
100
75
18
100
75
18
100
71
29
109
71
29
109
71
29
121
71
30
121
68
30
121
68
30
121
68
16
96
73
16
96
73
16
100
73
18
100
75
18
100
75
18
100
75
18
100
71
29
109
71
29
109
71
29
121
71
30
121
68
30
121
68
30
121
68
16
103
72
16
103
72
16
100
72
18
100
75
18
101
75
19
101
75
19
101
70
29
120
70
29
120
70
29
120
71
30
121
68
30
121
68
30
121
68
17
103
72
17
103
72
17
103
72
17
101
75
19
101
75
19
101
74
19
101
70
28
120
70
28
120
70
28
120
68
28
121
69
30
121
69
30
121
69
17
97
72
17
103
72
17
103
72
17
101
75
19
101
75
19
101
74
19
101
70
28
120
70
28
120
70
28
120
68
28
121
69
30
121
69
30
121
69
33
96
73
33
96
73
33
96
73
18
96
74
18
101
74
18
109
74
18
109
71
29
109
71
29
109
71
46
106
71
30
106
68
30
106
68
30
106
68
33
96
73
33
96
73
33
96
73
18
96
74
18
101
74
18
109
74
18
109
71
29
109
71
29
109
71
29
106
71
30
106
68
30
106
68
30
106
68
33
96
73
33
96
73
33
97
73
18
97
74
18
101
74
19
101
71
19
109
70
29
109
70
28
109
70
29
107
71
30
107
68
30
121
68
30
121
68
33
97
72
33
97
72
33
97
72
32
97
74
32
101
74
19
101
74
19
108
70
28
108
70
28
108
70
28
107
69
28
107
69
30
107
69
30
107
69
33
97
72
33
97
72
33
97
72
32
101
74
37
101
74
19
101
74
19
108
70
28
108
70
28
108
70
28
107
69
28
107
69
30
107
69
30
107
69
33
96
73
33
96
73
33
96
73
32
96
74
32
96
74
36
109
74
36
109
71
36
109
71
36
109
71
46
106
71
46
106
68
46
106
68
46
106
68
33
96
73
33
96
73
33
96
73
32
96
74
32
96
74
36
109
74
36
109
71
36
109
71
36
109
71
46
106
71
46
106
68
46
106
68
46
106
68
33
96
73
33
96
73
33
97
73
32
97
74
32
97
74
36
109
74
36
109
70
36
109
70
36
109
70
46
107
67
46
107
69
47
106
69
47
106
69
33
97
72
33
97
72
33
97
72
32
97
74
32
97
74
37
108
74
37
108
70
37
108
70
37
108
70
47
107
67
47
107
69
47
107
69
47
107
69
33
97
72
33
97
72
32
97
72
32
97
74
32
97
74
37
108
74
37
108
70
37
108
70
37
108
70
47
107
67
47
107
69
47
107
69
47
107
69
33
96
76
33
96
76
32
96
76
32
96
76
32
96
79
36
109
70
36
109
70
36
109
67
36
109
67
46
106
67
46
106
64
46
106
64
46
106
64
33
96
76
33
96
76
32
96
76
32
96
76
32
96
79
36
109
79
36
109
70
36
109
67
36
109
67
46
106
67
46
106
64
46
106
64
46
106
64
33
96
76
33
96
76
32
97
76
32
97
74
32
97
79
36
109
74
36
109
70
36
109
67
36
109
67
46
107
67
46
107
69
47
106
69
47
106
69
33
97
76
33
97
76
32
97
76
32
97
74
32
97
74
37
108
74
37
108
66
37
108
66
37
108
66
47
107
67
47
107
69
47
107
69
47
107
69
33
97
76
33
97
76
32
97
76
32
97
74
32
110
74
37
108
74
37
108
66
37
108
66
37
108
66
47
107
67
47
107
69
47
107
69
47
107
69
34
99
76
34
99
76
34
99
76
32
99
76
32
111
79
36
111
79
36
111
79
36
108
67
36
105
67
38
106
67
46
106
64
46
106
64
46
106
64
34
99
76
34
99
76
34
99
76
32
99
76
32
111
79
36
111
79
36
111
79
36
108
67
36
105
67
46
106
67
46
106
64
46
106
64
46
106
64
34
99
76
34
99
76
34
99
76
32
99
78
32
110
78
36
110
79
36
110
79
36
108
67
36
108
67
46
107
67
46
106
65
47
106
65
47
106
64
35
99
76
35
99
76
35
97
76
32
97
78
32
110
78
37
110
78
37
108
66
37
108
66
37
108
66
47
107
67
47
107
65
47
107
65
47
107
65
35
98
76
35
99
76
35
97
78
32
97
78
32
110
78
37
110
78
37
108
66
37
108
66
37
108
66
47
107
67
47
107
69
47
107
65
47
107
65
34
99
77
34
99
77
34
99
77
34
99
79
34
111
79
39
111
79
36
111
79
37
111
67
38
105
67
38
105
64
46
105
64
46
105
64
46
105
64
34
99
77
34
99
77
34
99
77
34
99
79
39
111
79
39
111
79
36
111
79
37
111
67
38
105
67
38
105
64
46
105
64
46
105
64
46
105
64
34
98
77
34
98
77
34
98
77
34
98
78
39
110
78
39
110
79
37
111
79
37
111
67
38
105
67
38
105
65
46
104
65
47
104
65
47
104
64
35
98
76
35
98
76
35
98
76
35
98
78
39
110
78
39
110
78
37
110
66
37
108
66
37
108
66
46
104
65
47
104
65
47
104
65
47
104
65
35
98
76
35
98
76
35
98
76
35
98
78
39
110
78
39
110
78
37
110
66
37
108
66
37
108
66
46
104
65
47
104
65
47
104
65
47
104
65
34
99
77
34
99
77
34
99
77
34
99
79
39
111
79
39
111
79
39
111
79
38
111
67
38
105
67
38
105
64
44
105
64
44
105
64
44
105
64
34
99
77
34
99
77
34
99
77
34
99
79
39
111
78
39
111
79
39
111
79
38
111
67
38
105
67
38
105
64
44
105
64
44
105
64
44
105
64
35
98
77
35
98
77
35
98
77
35
98
78
39
110
78
39
110
78
39
111
79
38
111
66
37
105
66
38
105
65
44
104
65
44
104
65
44
104
65
35
98
77
35
98
77
35
98
77
35
98
78
39
110
78
39
110
78
39
110
66
38
110
66
38
104
66
38
104
65
44
104
65
44
104
65
44
104
65
35
98
77
35
98
77
35
98
77
35
98
78
39
110
78
39
110
78
39
110
66
38
110
66
38
104
66
38
104
65
44
104
65
44
104
65
44
104
65
34
99
77
34
99
77
34
99
77
34
99
79
39
111
79
39
111
79
39
111
79
38
111
67
38
105
67
38
105
64
44
105
64
44
105
64
44
105
64
34
99
77
34
99
77
34
99
77
34
99
79
39
111
79
39
111
79
39
111
79
38
111
67
38
105
67
38
105
64
44
105
64
44
105
64
44
105
64
35
98
77
35
98
77
35
98
77
35
98
78
39
110
78
39
110
78
39
111
79
38
111
66
38
105
66
38
105
66
44
104
65
44
104
65
44
104
65
35
98
77
35
98
77
35
98
77
35
98
78
39
110
78
39
110
78
39
110
66
38
110
66
38
104
66
38
104
66
44
104
65
44
104
65
44
104
65
35
98
77
35
98
77
35
98
77
35
98
78
39
110
78
39
110
78
39
110
66
38
110
66
38
104
66
38
104
66
44
104
65
44
104
65
44
104
65
