51
51
49
49
49
49
49
49
41
41
41
43
43
43
43
17
43
17
59
51
59
51
51
51
51
59
59
59
59
51
59
51
51
51
51
59
59
59
49
49
59
59
59
51
49
49
56
56
56
49
49
56
56
56
49
49
57
57
57
49
49
57
57
57
41
46
41
46
46
49
49
57
57
57
41
46
41
46
46
41
41
47
47
47
41
41
47
47
47
47
41
41
45
45
45
43
43
45
45
45
43
43
45
45
45
43
43
45
45
45
17
17
22
22
22
43
43
23
23
23
17
17
22
22
22
43
43
23
23
23
17
17
22
22
22
17
23
17
23
17
17
23
16
23
16
16
59
51
59
51
51
51
51
59
59
59
59
51
59
51
51
51
51
59
59
59
49
51
59
59
59
51
49
49
56
56
56
49
48
56
56
56
49
49
57
57
57
49
49
57
57
57
41
46
41
46
46
49
49
57
57
57
41
46
41
46
46
41
41
47
47
47
41
47
47
47
47
46
41
41
45
45
45
43
43
45
45
45
43
43
45
45
45
43
43
45
45
45
17
17
22
22
22
43
43
23
23
23
17
17
22
22
22
43
43
23
23
23
17
17
22
22
22
16
23
16
23
16
16
23
16
23
16
16
59
51
59
51
51
51
51
58
58
58
59
51
59
51
51
51
51
58
58
58
49
51
59
59
59
51
49
49
56
56
56
49
49
56
56
56
49
49
56
56
56
49
49
57
57
57
41
46
41
46
46
41
41
57
57
57
41
46
41
46
46
41
41
47
47
47
41
47
47
47
47
46
41
41
45
45
45
43
43
45
45
45
43
43
45
45
45
43
43
45
45
45
17
17
22
22
22
43
43
23
23
23
17
17
22
22
22
43
43
23
23
23
17
17
22
22
22
16
23
16
23
16
16
23
16
23
16
16
59
50
59
50
50
50
50
58
58
58
59
50
59
50
50
50
50
58
58
58
58
58
58
58
58
50
48
48
56
56
56
48
48
56
56
56
48
48
56
56
56
48
48
57
57
57
40
46
40
46
46
48
48
57
57
57
40
46
40
46
46
41
41
47
47
47
40
47
47
47
47
47
40
40
44
44
44
42
42
44
44
44
42
42
44
44
44
43
42
44
44
44
17
17
22
22
22
42
42
21
21
21
17
17
22
22
22
18
18
23
23
23
17
17
22
22
22
16
23
16
23
16
16
23
16
23
16
16
54
50
54
50
50
50
50
58
58
58
54
50
54
50
50
50
50
58
58
58
50
50
58
58
58
50
48
48
56
56
56
48
48
61
61
61
48
48
56
56
56
48
48
57
57
57
40
46
40
46
46
40
40
57
57
57
40
46
40
40
46
40
40
47
47
47
40
40
61
47
61
40
40
40
44
44
44
42
42
44
44
44
42
42
44
44
44
42
42
44
44
44
17
17
20
20
20
42
42
21
21
21
17
17
20
20
20
18
18
21
21
21
18
17
21
22
21
17
18
16
18
16
16
18
16
18
16
16
54
50
54
50
50
50
50
58
58
58
54
50
54
50
50
50
50
58
58
58
48
48
61
61
60
50
50
58
58
58
50
48
48
60
61
61
48
48
61
61
61
48
48
61
61
61
40
46
40
46
46
34
34
61
61
61
40
46
40
46
46
34
34
47
47
47
40
40
47
38
38
40
40
40
44
44
44
42
42
44
44
44
42
42
44
44
44
42
42
44
44
44
18
18
20
20
20
42
42
21
21
21
18
18
20
20
20
18
18
21
21
21
18
19
21
20
21
16
18
16
18
16
16
18
16
18
16
16
54
53
54
53
53
53
53
62
62
62
48
48
60
60
61
54
53
54
53
53
53
53
62
62
62
48
48
61
61
60
53
53
58
62
62
53
48
48
61
61
60
48
48
61
61
61
3
0
3
1
1
3
0
3
0
0
3
0
3
0
0
37
33
37
33
33
34
34
60
60
60
37
33
37
33
33
37
33
37
33
33
37
33
37
33
33
37
33
37
33
33
37
32
37
32
32
3
0
3
0
0
2
0
2
0
0
2
0
2
0
0
2
32
2
32
0
37
32
32
32
32
37
33
37
33
33
34
34
38
38
38
40
40
38
38
38
33
42
42
38
38
38
42
42
38
38
38
42
42
39
39
39
42
42
39
39
39
18
18
20
20
20
42
42
21
21
21
18
18
20
20
20
19
19
21
21
21
18
19
21
20
21
19
18
19
18
19
19
18
19
18
19
19
54
53
54
53
53
53
53
62
62
62
54
53
54
53
53
53
53
62
62
62
34
34
60
60
60
55
55
60
60
60
55
55
60
60
60
53
53
58
62
62
62
55
48
61
61
61
55
55
61
61
61
1
1
1
0
0
1
0
3
0
0
3
0
3
0
1
3
0
3
0
0
37
33
37
33
33
34
34
38
38
38
37
33
37
33
33
37
33
35
33
33
37
33
37
33
33
37
32
37
32
32
32
32
37
32
32
2
0
3
0
0
2
0
2
0
0
2
32
2
32
32
40
40
38
38
38
33
35
35
38
38
38
35
35
39
39
39
35
35
39
39
39
40
40
39
39
39
19
19
20
20
20
42
42
21
21
21
19
19
20
20
20
42
42
21
21
21
19
19
20
20
21
19
18
19
18
19
19
18
19
18
19
19
54
53
54
53
53
53
53
62
62
62
54
53
54
53
53
53
53
62
62
62
53
53
62
62
62
62
34
34
38
38
38
34
34
60
60
60
55
55
60
60
60
55
55
60
60
60
55
55
61
61
60
55
55
61
61
61
1
1
12
12
12
0
1
1
12
12
12
0
1
1
12
12
12
1
3
1
12
12
12
1
3
1
2
2
2
0
35
33
38
38
38
33
35
33
38
36
38
36
35
33
37
36
37
33
35
32
37
36
36
36
32
32
37
37
14
36
32
32
37
2
2
32
32
32
2
2
2
0
35
35
38
38
38
35
35
39
39
39
35
35
39
39
39
35
35
26
26
26
19
19
20
20
20
31
31
26
26
26
19
19
20
20
20
31
31
21
21
21
19
19
20
20
20
19
18
19
18
19
19
18
19
18
19
19
54
52
54
52
52
52
52
62
62
62
54
52
54
52
52
52
52
62
62
62
54
52
62
62
62
52
55
55
63
63
63
34
34
36
36
36
34
34
36
36
36
55
55
60
60
60
55
55
60
60
63
55
55
63
63
63
35
34
36
36
36
32
32
36
35
36
32
32
36
36
36
34
34
2
2
2
34
34
2
2
2
3
3
12
12
12
3
3
12
12
12
1
1
12
12
12
1
1
13
13
13
1
1
13
13
13
1
1
13
13
13
1
1
13
13
13
101
101
121
121
121
101
101
121
121
121
101
101
121
121
121
1
1
12
12
12
5
5
15
12
15
5
5
15
15
12
5
5
15
11
15
101
101
121
121
121
4
4
11
11
11
101
112
127
127
127
4
4
11
11
15
112
112
127
127
127
4
4
11
11
11
114
113
114
113
113
112
112
127
127
127
4
4
11
11
11
114
113
114
113
127
112
112
127
127
127
114
114
124
11
124
112
112
127
127
127
113
114
114
124
124
124
114
114
124
124
124
1
1
12
12
12
1
1
12
12
12
3
3
12
12
12
5
5
14
14
14
7
7
14
14
14
35
35
38
38
38
35
35
39
39
39
35
35
37
39
37
32
32
37
14
37
32
32
14
14
14
35
35
39
39
39
35
35
39
39
39
31
31
26
26
26
30
30
27
27
27
31
31
26
26
26
30
30
27
27
27
31
31
26
26
26
31
30
27
27
27
30
27
30
27
30
30
27
30
27
30
30
54
52
54
52
52
52
52
63
63
63
54
52
54
52
52
52
52
63
63
63
54
52
54
62
63
52
55
54
63
63
63
55
55
63
63
63
34
34
36
36
36
55
55
36
60
60
55
55
63
63
60
32
34
36
36
36
34
32
36
36
36
34
34
2
2
2
3
3
2
2
2
3
100
13
13
13
3
100
13
13
13
1
1
13
13
13
1
1
13
13
13
3
3
13
13
13
101
101
121
121
121
101
101
121
121
121
101
101
121
121
121
101
101
121
121
121
5
5
15
15
15
5
5
15
15
15
5
5
15
15
15
4
4
11
11
11
101
101
127
127
127
4
4
11
11
11
112
112
127
127
127
4
4
11
11
11
114
113
114
113
113
112
112
127
127
127
4
4
11
11
11
114
113
114
113
113
112
112
127
127
127
4
4
124
124
124
112
112
127
127
127
113
114
114
124
124
124
114
114
124
124
124
5
5
15
15
15
5
5
15
15
15
5
5
15
14
14
7
7
14
14
14
7
7
14
14
14
35
35
37
39
39
35
35
39
37
39
7
7
14
14
14
35
35
39
39
26
31
31
26
26
26
30
30
27
27
27
31
31
26
26
26
30
30
27
27
27
31
31
26
26
26
31
30
27
27
27
30
27
30
27
30
30
27
30
27
30
30
54
52
54
52
52
52
52
63
63
63
54
52
54
52
52
52
52
63
63
63
54
52
109
109
63
52
55
55
63
63
63
55
55
63
63
63
55
55
63
60
63
34
34
36
36
36
34
34
36
36
36
34
34
2
2
2
3
3
2
2
2
3
3
13
13
13
100
3
13
13
13
3
3
13
13
13
101
101
121
121
121
101
101
121
121
121
101
101
121
121
121
101
101
121
121
121
101
101
126
126
126
5
5
15
15
15
5
5
15
15
15
4
4
11
11
11
4
4
10
11
11
100
100
126
126
126
4
4
11
11
11
114
113
114
113
113
112
112
127
127
127
4
4
11
11
11
114
113
114
113
113
112
112
127
127
127
115
115
124
124
124
112
112
124
113
113
113
115
114
124
124
124
115
115
124
124
124
5
5
15
15
15
5
5
14
14
14
7
7
14
14
14
7
7
8
14
14
7
7
8
8
8
7
7
8
8
8
31
31
26
8
26
30
30
27
27
27
31
31
26
26
26
30
30
27
27
27
31
31
26
26
26
31
30
27
27
27
30
27
30
25
30
30
25
30
25
30
30
103
111
103
111
111
96
96
109
109
109
103
111
103
111
111
96
96
109
109
109
103
111
103
111
111
96
96
109
109
109
97
111
97
111
111
96
96
110
110
110
97
111
97
111
111
96
96
110
110
110
97
110
97
110
105
96
96
110
110
110
97
105
97
105
105
99
96
104
104
104
97
105
97
105
105
99
99
104
104
104
97
105
97
105
105
99
99
104
104
104
97
105
97
105
105
99
99
104
104
104
97
105
97
105
105
69
99
104
104
104
68
65
68
65
65
69
69
67
67
67
68
65
68
65
65
99
69
67
67
67
68
65
68
65
65
69
69
67
67
67
68
65
68
65
65
69
69
64
64
64
68
65
68
65
65
69
69
64
64
64
68
65
68
65
65
68
68
64
64
64
68
103
111
103
111
111
96
96
109
109
109
103
109
109
109
109
111
103
103
109
109
109
103
55
108
108
108
102
102
108
108
108
102
102
123
123
123
102
102
123
123
123
102
102
123
123
123
100
100
120
120
120
3
3
120
120
120
101
101
120
120
120
101
101
120
120
120
101
101
120
120
120
101
101
120
120
120
100
100
126
126
126
100
100
126
126
126
5
5
15
15
15
4
4
10
10
10
4
4
10
10
10
4
4
10
10
10
114
119
114
113
113
112
112
126
126
126
115
115
10
10
10
114
113
114
113
113
112
112
126
126
126
115
115
125
125
125
124
112
124
113
125
113
115
115
125
124
125
115
115
124
124
125
5
5
15
14
14
7
7
14
14
14
7
7
8
8
8
7
7
8
8
8
7
7
8
8
8
7
7
8
8
8
31
31
27
24
24
31
31
26
8
26
31
31
24
24
24
31
31
26
24
24
31
28
24
24
24
28
25
28
25
28
28
25
28
25
28
28
103
111
103
111
111
96
96
109
109
109
103
111
103
111
111
96
96
109
109
109
97
111
97
111
111
96
96
110
110
110
97
111
97
111
111
96
96
110
110
110
97
105
97
105
105
96
96
110
110
110
97
105
97
105
105
96
96
104
104
104
97
105
97
105
105
96
99
104
104
104
97
105
97
105
105
96
99
104
104
104
97
104
97
105
105
99
99
104
104
104
97
104
97
105
105
99
99
104
104
104
97
65
97
65
65
69
69
67
67
67
68
65
68
65
65
69
69
67
67
67
68
65
68
65
65
69
99
67
67
64
68
65
68
65
65
69
69
64
64
64
68
65
68
65
65
69
69
64
64
64
68
64
68
64
64
68
68
64
64
64
68
109
109
109
110
109
111
103
109
109
109
109
103
103
108
108
108
103
103
108
108
108
102
102
123
123
123
102
102
123
123
123
100
100
123
123
123
100
100
120
120
120
100
100
120
120
120
100
100
120
120
120
100
100
120
120
120
100
100
120
120
120
100
100
126
126
126
114
119
114
113
113
112
112
126
126
126
5
5
10
10
10
4
4
11
10
10
4
4
10
10
10
115
115
10
10
10
114
113
114
113
113
112
112
126
126
126
115
115
125
125
10
124
118
125
125
125
113
115
115
125
125
125
115
115
125
113
125
5
5
10
10
10
7
7
14
8
8
7
7
8
14
8
7
7
8
8
8
7
7
8
8
9
29
29
24
24
24
31
31
26
24
24
29
29
24
24
24
6
6
24
24
24
29
28
24
24
24
28
25
28
25
28
28
25
28
25
28
28
103
103
109
110
109
111
103
103
110
110
110
111
103
103
110
110
110
111
97
96
110
110
110
110
97
96
107
96
107
105
97
96
107
96
107
96
104
104
107
96
107
96
104
104
107
105
105
105
69
69
69
69
67
105
69
69
67
67
67
65
69
69
67
67
67
65
69
69
67
67
67
65
69
69
64
64
64
65
68
69
64
64
64
64
68
69
64
64
64
64
69
103
103
108
108
108
103
103
108
108
108
103
103
108
108
108
102
102
123
123
123
102
102
123
123
123
100
100
123
123
123
100
100
120
120
120
100
100
122
122
122
100
100
122
122
122
100
100
126
122
122
114
119
114
119
119
112
112
126
126
126
114
118
114
119
119
112
112
126
126
126
6
6
10
10
10
6
6
10
10
10
6
6
10
10
10
115
115
125
125
125
124
118
125
125
117
113
115
115
125
125
125
115
115
125
125
125
7
6
8
8
8
7
6
8
8
8
6
6
9
9
9
6
6
9
9
9
29
29
24
24
24
6
6
8
9
9
29
29
24
24
24
29
29
24
24
24
29
29
24
24
24
28
25
28
25
28
28
25
28
25
28
28
103
103
108
108
108
98
98
110
110
108
98
98
110
110
110
98
98
106
106
106
99
99
107
107
107
99
99
107
107
107
99
99
107
107
107
99
99
107
107
107
99
99
67
67
67
99
69
67
67
67
69
69
66
66
66
71
71
66
66
66
68
68
66
66
66
68
68
64
64
64
68
103
103
108
108
108
102
102
108
108
108
102
102
123
123
123
102
102
123
123
123
100
100
123
123
123
102
102
122
122
122
102
102
122
122
122
117
119
117
119
119
118
118
122
122
122
117
119
117
119
119
118
112
126
126
126
124
119
117
125
117
119
6
6
9
9
9
6
6
9
9
9
115
115
125
125
125
115
115
125
125
125
115
115
125
125
117
6
6
9
9
9
6
6
9
9
9
6
6
9
9
9
29
29
25
25
24
6
6
9
9
25
29
29
25
25
25
29
6
25
25
25
29
29
25
29
25
28
29
28
29
28
28
29
28
29
28
28
98
102
108
108
108
98
98
106
106
106
98
98
106
106
106
99
99
106
106
106
99
99
107
107
107
99
99
107
107
107
99
99
107
107
107
70
99
67
67
67
70
70
66
66
66
70
70
67
66
66
71
71
66
66
66
68
71
66
66
66
71
71
66
64
66
71
102
102
108
108
108
102
102
122
122
122
102
102
122
122
122
102
102
122
122
122
117
119
117
119
119
118
118
122
122
122
117
119
117
119
119
118
118
122
122
122
124
119
117
116
117
119
118
118
117
117
117
6
6
9
9
9
115
115
117
117
117
118
118
117
117
117
6
6
9
9
9
6
6
9
9
9
29
29
25
25
25
6
6
9
89
9
86
29
25
25
25
29
29
25
25
25
29
29
25
29
25
28
29
28
29
28
28
86
28
29
28
28
98
98
106
106
106
98
98
106
106
106
98
98
106
106
106
70
98
107
107
107
70
70
107
107
107
70
70
73
73
73
70
99
73
73
73
70
70
66
66
66
70
70
66
66
66
71
71
66
66
66
71
71
66
66
66
71
71
66
66
66
71
98
98
122
122
122
116
119
116
119
119
102
102
106
122
122
116
119
116
119
118
118
118
116
116
116
124
118
116
116
116
116
118
118
117
117
117
118
118
117
117
117
115
115
117
117
117
85
85
89
117
89
29
86
91
91
91
85
85
89
89
89
86
86
91
91
91
85
85
91
91
91
91
91
91
91
91
87
86
87
86
87
87
86
87
86
87
87
98
98
106
106
106
98
98
106
106
106
98
98
106
106
106
98
98
107
107
107
70
70
73
73
73
70
70
73
73
73
70
70
73
73
73
70
70
74
74
74
71
71
74
74
74
71
71
74
74
74
71
71
74
74
74
71
116
119
116
119
119
98
98
116
116
116
116
119
116
119
119
118
118
116
116
116
118
118
116
116
116
118
118
118
116
116
88
118
118
117
117
117
84
84
89
117
89
85
85
89
89
89
86
86
91
91
91
85
85
89
89
89
86
86
91
91
91
85
85
91
91
91
86
86
91
86
91
87
86
87
86
87
87
86
87
86
87
87
73
119
73
119
119
98
98
106
106
106
73
78
73
78
78
98
70
106
106
106
73
78
73
78
78
70
70
72
72
72
73
78
73
78
78
70
76
72
72
72
73
78
73
78
78
76
70
73
73
72
76
78
76
78
78
70
70
74
74
74
76
79
76
79
79
70
70
74
74
74
76
79
76
79
79
71
71
74
74
74
76
79
76
79
79
71
71
74
74
74
76
79
76
79
79
71
71
75
74
74
71
84
118
84
118
118
98
98
116
72
116
118
118
72
116
116
118
84
84
116
88
116
84
84
116
116
116
84
84
89
89
89
85
85
89
89
89
86
86
91
91
91
85
85
89
89
89
86
86
91
91
91
85
85
91
91
91
86
90
90
90
91
87
86
87
86
87
87
86
87
86
87
87
73
78
73
78
78
98
98
72
72
72
73
78
73
78
78
76
76
72
72
72
73
78
73
78
78
76
70
72
72
72
73
78
73
78
78
76
76
72
73
72
76
78
76
78
75
70
70
75
75
73
76
79
76
79
79
70
70
75
75
74
76
79
76
79
79
71
71
74
74
74
71
79
76
79
78
71
71
74
75
74
76
79
76
79
79
71
71
74
74
74
71
84
78
72
72
72
78
84
84
89
89
88
84
84
89
116
89
84
84
89
89
89
85
84
89
89
89
85
85
90
90
90
85
84
88
88
88
85
85
90
90
90
85
85
90
90
91
90
85
90
90
90
87
86
87
86
87
87
86
87
86
87
87
76
78
72
72
72
78
76
78
72
72
72
78
76
78
72
79
72
79
76
75
75
75
79
79
75
75
75
75
75
75
76
79
79
75
75
79
79
79
75
75
75
79
79
79
75
74
74
79
79
76
76
88
89
89
84
84
89
89
88
84
84
88
88
88
84
84
88
88
88
85
85
90
90
90
84
84
88
88
88
85
85
90
93
90
85
85
90
90
90
85
85
93
90
90
87
86
87
86
87
87
86
87
86
87
87
76
76
72
72
72
76
76
72
72
72
77
77
75
75
75
77
77
75
75
75
77
77
75
94
75
77
77
75
75
75
77
77
94
75
75
77
84
84
88
88
88
84
84
88
88
88
84
84
88
88
88
81
81
90
90
90
84
84
90
88
88
81
81
90
90
90
85
85
90
93
90
81
81
93
90
90
87
81
87
81
83
83
81
83
81
83
83
77
77
88
88
88
77
77
94
94
94
77
77
94
94
94
77
77
94
94
75
77
77
94
94
94
77
77
94
94
75
77
77
77
88
88
88
81
81
88
88
88
81
81
93
93
93
84
84
95
95
95
81
81
93
93
93
81
81
93
95
93
83
81
93
83
93
90
81
83
81
83
83
81
83
81
83
83
77
77
94
94
94
77
77
94
94
94
77
77
94
95
94
77
77
94
94
94
77
77
94
94
94
77
80
80
95
95
94
81
81
93
93
93
80
80
95
95
95
83
81
93
93
93
80
80
93
95
93
83
81
83
83
93
83
81
82
81
83
83
81
83
81
83
83
80
80
95
95
95
80
80
95
95
94
80
80
94
94
94
80
80
94
94
94
80
82
82
93
93
93
80
80
95
95
95
81
81
93
92
93
80
80
93
95
95
82
83
93
83
93
83
81
83
81
82
83
81
83
81
83
83
82
82
92
92
92
80
80
95
95
95
82
82
92
92
92
80
80
95
95
95
82
82
92
92
92
80
80
95
95
95
80
82
82
92
92
92
80
80
95
93
95
82
93
92
93
93
83
92
83
92
83
83
92
82
92
83
83
82
82
92
93
92
80
80
93
95
95
82
82
92
92
92
80
80
95
95
95
82
80
82
82
92
92
92
82
92
82
92
82
82
92
82
92
82
82
80
82
92
92
92
82
80
92
82
92
82
82
92
82
92
82
82
