51
59
51
51
49
49
49
49
41
41
41
41
43
43
43
17
43
17
59
51
59
51
51
51
51
59
59
59
59
59
59
51
51
59
51
59
59
59
59
51
59
51
56
51
49
49
56
56
56
49
49
56
56
56
49
49
57
57
57
49
49
57
57
57
41
46
41
46
46
49
49
57
57
57
41
46
41
46
46
49
41
47
47
47
41
41
45
45
45
41
41
41
45
45
45
41
41
45
45
45
43
43
45
45
45
43
43
45
45
45
17
17
22
22
22
43
43
23
23
23
17
17
22
22
22
43
43
23
23
23
17
17
23
22
22
17
23
17
23
17
17
23
16
23
16
16
59
51
59
51
51
59
51
58
58
58
50
51
59
51
51
51
51
59
59
58
59
51
59
51
56
51
49
49
56
56
56
49
49
56
56
56
49
49
57
57
57
49
49
57
57
57
41
46
41
46
46
49
49
57
57
57
41
46
41
46
46
49
49
47
47
47
41
41
45
47
47
41
41
41
45
45
45
43
41
45
45
45
43
43
45
45
45
43
43
45
45
45
17
17
22
22
22
43
43
23
23
23
17
17
22
22
22
43
43
23
23
23
17
17
23
22
22
17
23
16
23
16
16
23
16
23
16
16
59
51
59
51
51
50
50
58
58
58
59
51
59
51
51
50
50
58
58
58
59
51
59
51
56
51
59
59
59
56
56
49
48
56
56
56
49
49
56
56
56
49
49
57
57
57
41
46
41
46
46
49
49
57
57
57
41
46
41
46
46
49
49
47
47
47
41
41
47
47
47
41
41
41
47
47
47
41
43
45
45
45
43
43
45
45
45
43
43
45
45
45
17
17
22
22
22
43
43
23
23
23
17
17
22
22
22
43
43
23
23
23
17
17
23
16
22
16
23
16
23
16
16
23
16
23
16
16
59
51
59
50
50
50
50
58
58
58
59
51
59
50
50
50
50
58
58
58
59
50
58
50
56
50
48
48
56
56
56
48
48
56
56
56
48
48
56
56
56
48
48
57
57
57
40
46
41
46
46
48
49
57
57
57
40
46
40
46
46
40
40
47
47
47
40
40
47
47
47
46
40
40
47
47
47
43
43
44
44
44
42
43
44
44
44
42
43
44
44
44
17
17
22
22
22
43
43
21
21
21
17
17
22
22
22
17
43
21
21
21
17
16
21
16
21
16
23
16
23
16
16
23
16
23
16
16
54
50
54
50
50
50
50
58
58
58
54
50
54
50
50
50
50
58
58
58
48
50
58
58
58
50
48
48
56
61
56
48
48
56
56
58
48
48
61
61
61
48
48
57
57
57
40
46
40
46
46
40
40
57
57
57
40
46
40
46
46
40
40
47
47
47
40
40
40
47
47
46
40
40
44
44
44
40
42
44
44
44
42
42
44
44
44
42
42
44
44
44
17
17
20
20
20
42
42
21
44
44
17
17
20
20
20
18
18
21
21
21
18
16
21
21
21
16
18
16
18
16
16
18
16
18
16
16
54
53
54
50
50
50
50
58
58
62
54
50
54
50
50
53
50
58
58
58
48
48
61
61
61
48
50
58
58
58
53
48
48
54
61
61
48
48
54
61
61
48
48
61
61
61
40
46
40
33
46
40
40
61
61
61
40
33
37
46
46
40
34
47
47
47
40
35
47
47
47
33
40
40
44
44
44
40
42
44
44
44
42
42
44
44
44
42
42
44
44
44
22
22
18
20
20
42
42
21
21
21
22
22
20
20
20
18
18
21
21
21
18
18
20
20
20
19
18
19
18
19
19
18
19
18
16
19
54
53
54
53
53
53
53
62
62
48
48
48
61
61
61
54
53
54
53
53
53
53
62
62
62
48
48
61
61
61
54
53
54
62
62
62
48
55
61
61
61
48
48
61
61
61
3
1
3
1
1
3
1
3
0
1
3
0
3
0
0
37
46
37
33
33
34
34
61
61
61
37
33
37
33
33
37
33
37
33
33
37
33
37
33
33
37
33
37
32
33
37
32
37
32
32
3
0
3
0
0
3
0
3
0
0
2
0
3
0
0
2
32
2
32
32
37
32
37
32
32
37
33
37
33
33
40
40
38
38
38
40
40
38
38
38
33
35
35
38
38
38
35
35
38
38
38
42
42
44
38
38
42
42
21
21
21
22
22
20
20
20
42
42
44
21
21
22
22
20
20
20
42
42
21
21
21
18
19
18
20
20
19
18
19
18
19
19
18
19
18
19
19
54
53
54
53
53
53
53
62
62
62
54
53
54
53
53
53
53
62
62
62
34
34
60
60
60
34
34
60
60
61
55
48
60
60
60
54
53
62
62
62
53
55
55
61
61
61
55
55
61
62
54
3
1
3
1
1
3
0
3
0
1
12
0
1
0
1
3
0
3
0
0
37
33
37
33
33
34
34
38
38
38
37
33
37
33
33
37
33
37
33
33
37
33
37
33
33
37
32
37
32
32
37
32
37
32
32
2
0
2
0
0
2
0
2
0
0
2
32
2
32
32
37
34
38
38
38
38
35
35
38
38
38
35
35
38
38
38
42
42
39
39
39
42
42
21
39
39
19
19
20
20
20
42
42
21
21
21
19
18
20
20
20
42
42
21
21
21
18
19
18
20
18
19
18
19
18
19
19
18
19
18
19
19
54
53
54
53
53
53
53
62
62
62
54
52
54
53
53
52
53
62
62
62
55
53
62
62
62
53
34
34
38
38
38
34
34
60
60
60
55
34
60
60
60
55
55
60
60
60
55
55
60
60
60
55
55
62
62
62
1
1
12
12
12
1
1
1
12
12
12
0
1
0
12
12
2
0
3
0
12
12
2
0
5
5
2
0
12
0
37
33
38
38
38
34
37
33
37
33
36
36
37
33
36
36
36
33
37
32
36
36
36
32
32
32
36
32
36
32
37
32
2
32
2
32
2
0
2
0
14
0
37
35
38
38
38
35
35
39
39
39
35
35
39
39
39
35
42
39
26
26
19
19
20
20
20
42
42
26
26
21
19
30
20
20
20
31
42
26
26
26
18
30
18
20
26
20
18
19
18
19
19
18
19
18
19
19
54
52
54
52
52
52
52
62
62
62
54
52
54
52
53
52
52
62
62
62
55
52
63
63
63
52
55
55
63
63
63
34
34
36
36
36
34
34
60
60
60
55
55
60
60
60
55
55
60
60
60
55
55
60
63
60
34
34
36
36
36
34
34
36
36
36
32
32
36
36
36
32
32
2
2
2
3
3
2
2
2
3
3
2
2
2
3
0
12
12
12
1
1
12
12
12
1
1
12
13
12
1
1
12
12
12
1
1
13
13
13
1
1
13
13
13
1
1
121
121
121
101
101
121
121
121
101
101
121
121
121
5
5
12
12
12
5
5
15
15
15
5
5
15
15
15
5
5
15
15
15
101
101
121
121
121
5
4
11
11
11
112
112
127
127
121
4
4
11
11
11
112
112
127
127
127
4
4
11
11
11
114
113
114
113
113
112
112
127
127
127
4
4
11
11
11
114
113
114
113
127
112
112
127
127
127
4
4
124
124
124
112
112
127
127
127
127
114
114
124
124
124
114
114
124
124
124
5
1
12
12
12
5
5
12
12
12
5
5
12
12
12
5
5
14
14
14
7
7
14
14
14
35
35
39
39
39
35
35
39
39
39
35
35
39
39
39
32
32
39
14
14
7
32
32
14
14
35
35
39
39
39
35
35
39
26
39
35
35
26
26
26
19
30
27
27
27
31
31
26
39
26
30
30
27
27
27
31
31
26
26
26
30
30
27
26
26
42
27
19
27
30
30
27
30
27
19
30
54
52
54
52
52
52
52
63
63
63
54
52
54
52
52
52
52
63
109
63
52
52
54
63
63
52
55
55
63
63
63
55
55
63
63
63
34
34
36
36
36
55
55
60
60
60
55
55
60
60
60
34
34
36
36
36
34
34
36
36
36
3
3
2
2
2
3
3
2
2
2
32
3
2
12
13
3
3
13
13
13
101
1
13
13
13
1
1
13
13
12
1
1
13
13
13
101
101
121
121
121
101
101
121
121
121
101
101
121
121
121
101
101
121
121
121
5
5
15
15
15
5
5
15
15
15
5
5
15
15
15
5
5
11
11
11
101
101
127
127
127
4
4
11
11
11
112
112
127
127
127
4
4
11
11
11
114
113
114
113
113
112
112
127
127
127
4
4
11
11
11
114
113
114
113
113
112
112
127
127
127
4
4
124
124
124
112
112
124
127
127
113
114
114
124
124
124
114
114
124
124
127
5
5
15
15
15
5
5
15
15
15
7
7
14
14
14
7
7
14
14
14
7
7
14
14
14
35
35
39
39
39
35
35
39
39
39
7
7
14
14
14
35
35
39
39
39
35
35
26
26
8
29
30
27
27
27
31
31
26
26
26
30
30
27
27
27
31
31
26
26
26
31
30
27
27
27
30
27
30
31
30
30
27
30
27
30
30
54
52
103
111
52
96
52
63
63
63
54
52
103
52
52
52
52
109
109
63
103
52
109
109
109
52
55
55
63
63
63
55
55
63
63
63
55
55
63
63
63
34
34
36
36
36
34
34
36
36
36
3
3
2
2
2
3
3
2
13
2
3
3
13
13
13
101
101
13
13
13
1
101
13
13
13
101
101
121
121
121
101
101
121
121
121
101
101
121
121
121
101
101
121
121
121
101
101
126
127
126
7
5
15
15
15
5
5
15
15
15
5
5
11
11
11
4
4
11
11
11
112
101
126
126
126
4
4
11
11
11
114
113
114
113
113
112
112
126
126
126
4
4
11
11
11
114
113
114
113
113
112
112
127
127
127
115
4
124
124
125
112
115
124
124
127
113
115
115
124
124
124
115
115
124
124
127
5
5
15
15
15
7
7
14
14
14
7
7
14
14
14
7
7
14
14
14
7
7
8
8
14
35
35
8
8
8
31
31
8
8
8
29
29
27
27
27
31
31
26
26
26
30
30
27
27
27
31
31
27
26
26
31
30
27
27
24
30
27
30
27
28
30
27
30
25
30
30
103
111
103
111
111
96
96
109
109
109
103
111
103
111
111
96
96
109
63
109
97
111
97
111
111
96
96
109
109
109
97
111
97
111
111
96
96
110
110
110
97
110
97
110
110
96
96
110
110
110
97
110
97
110
110
96
96
110
110
110
97
105
97
110
110
96
96
104
104
104
97
105
97
105
105
99
99
107
104
104
97
105
97
105
105
99
99
104
104
104
97
105
97
105
105
99
99
104
104
104
97
105
97
105
105
99
99
104
104
104
68
65
68
65
65
69
69
67
67
67
68
65
68
65
65
69
69
67
67
67
68
65
68
65
65
69
69
67
64
64
68
65
68
65
65
69
69
64
64
64
68
65
68
65
65
69
69
64
64
64
68
65
68
65
65
69
69
64
64
64
68
103
111
103
111
111
96
96
109
109
109
103
111
109
109
109
52
103
103
109
109
109
103
103
108
108
108
103
103
63
63
108
100
100
123
123
123
100
100
123
123
123
100
34
123
123
123
100
3
13
120
13
34
100
13
13
13
101
101
13
13
13
101
101
120
120
120
101
101
120
120
120
100
100
120
120
120
100
100
126
126
126
112
100
126
126
126
7
7
15
15
15
7
7
10
10
10
4
4
10
11
10
4
4
10
10
10
114
113
114
113
113
112
112
126
126
126
4
4
10
10
10
114
113
114
124
113
112
112
126
113
126
115
115
125
125
125
112
112
124
124
124
124
115
115
125
125
124
115
115
124
124
124
7
7
10
14
10
7
7
14
14
14
7
7
8
8
8
31
31
8
8
8
6
6
8
8
8
31
31
8
8
26
29
29
24
24
24
31
31
24
24
24
29
29
24
24
24
31
31
24
24
26
25
30
24
30
27
30
25
28
25
28
28
25
28
25
28
28
103
111
103
111
111
96
96
109
109
109
97
111
97
111
111
96
96
109
109
109
97
111
97
111
111
96
111
110
110
110
97
111
97
111
110
96
96
110
110
110
97
110
97
110
110
96
96
110
110
110
97
105
97
105
105
96
96
104
107
104
97
105
97
105
105
99
99
104
104
104
97
105
97
105
105
99
99
104
104
104
97
105
99
105
105
99
99
104
104
104
97
105
97
105
105
99
99
104
104
104
68
65
68
65
65
69
69
67
67
67
68
65
68
65
67
69
69
67
67
67
68
65
68
67
65
69
69
67
67
67
68
65
64
65
65
69
69
64
64
64
68
65
68
65
65
69
69
64
64
64
68
65
68
64
64
68
68
64
64
64
68
103
111
103
109
109
111
103
103
109
109
109
103
103
108
108
108
103
103
108
108
108
100
100
123
123
123
100
100
123
123
123
100
100
123
123
123
100
34
120
120
120
100
100
120
120
120
100
100
120
120
120
100
100
120
120
120
100
112
120
120
120
100
100
120
126
126
114
113
114
113
113
112
118
126
126
126
7
7
10
10
10
4
4
10
10
10
4
4
10
10
10
4
115
10
10
10
114
119
114
113
113
112
112
125
126
126
115
115
125
125
125
112
112
126
126
126
124
115
115
125
125
125
115
115
126
125
125
31
7
10
10
10
31
31
8
8
8
31
31
8
8
8
6
6
8
8
8
6
6
8
9
9
29
29
24
24
24
31
31
24
24
24
29
29
24
30
24
31
31
24
24
24
31
28
24
30
24
28
25
28
25
28
28
25
28
25
28
28
103
111
109
109
109
111
96
111
108
111
110
111
96
111
110
110
110
110
96
96
97
110
106
110
96
105
97
105
104
105
99
105
104
105
104
105
99
99
104
104
104
105
99
99
104
104
104
105
99
99
67
67
67
105
99
99
67
67
67
67
69
69
67
67
67
65
69
69
67
67
67
65
69
69
64
64
64
65
68
65
64
64
64
65
68
68
64
64
64
64
68
103
103
108
108
108
103
103
108
108
108
103
103
108
108
108
102
102
123
123
123
102
102
123
123
123
100
100
123
123
123
100
102
120
120
120
100
100
120
120
120
100
100
120
120
120
100
100
122
122
126
114
113
114
113
113
118
118
126
126
126
114
113
114
113
119
118
118
126
126
126
7
7
10
10
10
4
4
10
10
10
115
115
10
125
10
115
115
125
125
125
114
119
125
125
125
118
115
115
125
125
125
115
115
125
125
125
7
7
8
10
8
31
6
8
8
8
6
6
9
9
9
6
6
9
9
9
29
29
24
24
24
6
6
9
9
9
29
29
24
24
24
6
6
24
24
25
29
28
24
28
26
28
25
28
25
28
28
25
28
25
28
28
103
103
108
108
108
96
96
108
108
108
96
96
106
106
106
98
98
106
106
106
99
98
107
107
107
99
99
107
107
107
99
99
107
107
107
99
99
107
107
107
70
70
67
67
67
69
69
67
67
67
69
69
66
66
66
69
69
66
66
66
68
68
66
66
66
68
68
64
64
66
68
103
103
108
108
108
102
102
108
108
108
102
102
123
123
123
102
102
123
123
123
102
102
123
123
123
102
102
122
122
122
102
102
122
122
122
114
119
114
113
119
118
118
122
122
122
114
113
114
119
119
118
118
122
122
122
117
118
117
117
117
119
6
6
9
9
9
115
6
9
117
9
115
115
125
125
117
115
115
125
125
125
118
118
125
125
125
6
6
9
9
9
6
6
9
8
8
6
6
9
9
9
29
29
25
25
24
6
6
9
9
9
86
29
25
25
24
6
6
25
25
25
29
29
26
26
25
28
29
28
29
28
28
25
28
29
28
28
102
102
108
108
108
98
98
106
106
106
98
98
106
106
106
98
98
107
107
107
98
99
107
107
107
99
99
107
107
107
70
70
107
107
107
70
70
107
107
107
70
70
66
66
66
69
69
66
66
66
71
71
66
66
66
71
71
66
66
66
71
71
66
66
66
71
102
102
122
108
108
102
102
122
122
122
102
102
122
122
122
102
102
122
122
122
117
119
117
119
119
102
102
122
122
122
117
119
117
119
119
118
118
122
122
122
117
118
117
117
117
119
118
118
117
117
117
115
6
9
9
9
115
115
117
117
117
115
118
117
125
117
115
6
9
9
9
85
6
9
9
9
29
29
25
25
25
6
86
9
89
9
29
29
25
25
25
86
29
25
25
25
29
29
25
25
25
91
86
28
29
28
28
29
28
29
28
28
102
102
106
106
106
98
98
106
106
106
98
98
106
106
106
98
99
107
107
107
98
98
107
107
107
70
70
73
73
107
70
70
73
73
73
70
70
73
73
73
70
70
66
66
66
71
71
66
66
66
71
71
66
66
66
71
71
66
66
66
71
102
102
122
122
122
117
119
117
119
119
102
102
122
122
122
117
119
117
119
119
118
102
116
116
122
118
118
116
116
116
119
118
118
117
117
117
118
118
117
117
117
6
6
117
117
117
6
6
89
89
89
86
86
91
91
91
85
86
89
91
89
86
86
91
91
91
85
29
25
91
91
29
86
86
91
91
87
29
87
86
87
91
86
87
86
87
87
98
98
106
106
106
98
98
106
106
106
98
98
106
106
106
98
98
73
73
73
70
70
73
73
73
70
70
73
73
73
70
70
73
73
73
70
70
74
74
74
71
71
74
74
74
71
71
74
74
74
71
71
74
74
74
71
116
119
116
119
119
98
98
116
116
116
116
119
116
119
119
98
118
116
116
116
102
118
116
116
116
116
118
118
116
116
116
118
118
116
117
117
85
85
89
89
89
6
85
89
89
89
86
86
91
91
91
85
85
89
89
89
85
86
91
90
91
85
85
91
91
91
85
87
91
91
91
87
86
87
86
87
87
86
87
86
87
87
116
119
116
119
119
98
98
106
106
106
73
78
73
78
119
98
98
106
106
106
73
78
73
78
78
98
98
72
72
72
76
78
76
78
78
70
70
73
73
73
76
78
76
78
78
70
70
73
73
73
76
78
76
78
79
70
70
73
73
73
76
79
76
79
79
70
70
74
74
74
76
79
76
79
79
71
71
74
74
74
76
79
76
79
79
71
71
74
74
74
76
79
76
79
79
71
71
74
74
74
71
116
119
116
119
119
118
118
116
116
116
118
119
116
116
116
119
118
84
116
116
116
84
84
89
116
89
84
118
89
89
89
85
85
89
89
89
85
85
91
91
91
85
85
89
89
89
86
86
91
90
91
85
85
91
91
91
86
87
91
91
91
87
86
87
86
87
87
86
87
86
87
87
73
78
73
78
78
98
98
72
72
72
73
78
73
78
78
76
98
72
72
72
76
78
76
78
78
76
76
72
72
72
76
78
76
78
78
70
76
75
75
75
76
78
76
78
78
70
70
75
75
75
76
79
76
79
79
70
70
74
74
75
76
79
76
79
79
71
71
74
74
74
76
79
76
79
79
71
71
74
74
74
76
79
76
79
79
71
71
74
74
74
71
84
78
72
72
72
78
84
84
72
72
72
84
84
89
89
89
84
84
89
89
89
84
85
89
88
89
85
85
90
90
90
85
85
89
89
89
85
85
90
90
90
85
85
91
90
90
86
87
90
90
90
87
86
87
86
87
87
86
87
86
87
87
84
84
72
72
72
78
76
78
72
72
72
78
76
78
72
72
72
78
76
78
75
75
75
78
76
79
75
75
75
79
76
79
75
75
75
79
71
79
75
75
75
79
71
79
75
79
75
79
79
84
84
72
72
72
84
84
88
88
88
84
84
88
88
88
84
84
88
88
88
85
81
90
90
90
85
85
88
88
88
85
85
90
90
90
85
85
90
90
90
86
87
90
90
90
87
86
87
81
83
87
86
87
86
87
87
84
84
72
72
72
77
77
72
72
72
77
77
75
75
75
77
77
75
75
75
77
77
75
75
75
77
77
75
75
75
77
77
75
75
75
77
84
84
88
88
88
84
84
88
88
88
84
84
88
88
88
81
81
90
90
90
84
84
88
88
88
81
81
90
90
90
85
81
90
90
90
81
81
90
90
90
83
81
83
81
83
83
81
83
81
83
83
77
77
88
88
88
77
77
94
94
94
77
77
94
94
94
77
77
94
94
94
77
77
94
94
94
77
77
94
94
94
77
84
77
88
88
88
84
84
88
88
88
81
81
93
93
93
84
84
88
88
88
81
81
93
93
93
81
81
93
93
93
81
81
93
93
93
83
81
83
81
83
83
81
83
81
83
83
77
77
94
94
94
77
77
94
94
94
77
77
94
94
94
77
77
94
94
94
77
77
94
94
94
80
80
80
95
95
95
81
81
93
93
93
80
80
95
95
95
82
81
93
93
93
81
80
93
93
93
81
83
93
93
93
83
93
83
81
83
83
81
83
81
83
83
80
80
95
95
95
80
80
95
95
95
80
80
94
94
94
80
80
94
94
94
80
82
82
93
93
93
80
80
95
95
95
82
82
93
93
93
80
80
95
95
95
82
83
93
93
93
93
81
83
81
83
83
81
83
81
83
83
82
82
92
92
92
80
80
95
95
95
82
82
92
92
92
80
80
95
95
95
82
82
92
92
92
80
80
95
95
95
80
82
82
92
92
92
80
80
95
95
95
82
82
92
92
92
83
92
83
92
83
83
92
83
92
83
83
82
82
92
92
92
80
80
95
95
95
80
82
92
92
92
80
80
95
95
95
82
80
82
82
92
92
95
82
92
82
92
82
82
92
82
92
82
82
80
82
92
92
92
82
80
80
82
92
82
82
92
82
92
82
82
