35
35
35
34
34
34
33
36
36
33
32
33
33
33
36
33
33
32
36
33
36
33
33
33
33
35
35
35
34
34
34
32
32
32
32
32
36
33
33
33
32
36
36
36
32
33
32
32
32
32
35
35
35
34
34
34
37
32
37
37
36
37
37
32
37
37
32
36
37
37
36
37
37
37
37
35
35
35
44
44
44
38
38
38
39
37
39
39
44
38
38
38
37
39
38
39
37
38
38
38
35
35
35
44
44
44
39
39
39
39
38
38
39
42
39
38
38
39
38
38
39
39
39
44
42
63
63
36
44
34
44
46
45
44
42
46
46
45
44
46
46
45
45
46
46
44
45
46
34
46
63
63
36
36
44
34
45
45
42
45
46
46
45
45
34
45
45
45
46
46
45
46
46
34
46
63
63
63
63
44
43
45
43
47
43
47
47
47
43
47
47
43
34
45
47
47
47
47
43
47
63
63
63
63
63
43
43
43
42
42
43
42
47
47
43
43
47
47
42
47
43
43
43
42
43
63
63
63
62
62
40
40
40
41
41
42
42
41
40
42
40
42
42
40
41
42
40
41
40
41
62
62
62
62
62
40
40
40
41
41
41
52
40
41
41
40
41
41
52
41
52
40
40
40
41
62
62
62
62
62
49
52
52
49
52
52
52
52
49
52
49
52
52
52
49
49
52
49
52
52
62
62
62
48
48
50
50
49
50
50
49
49
49
50
50
50
49
49
50
49
49
50
49
50
50
62
61
61
48
48
48
54
50
54
50
54
48
54
54
54
50
48
54
50
54
54
50
54
54
48
61
61
61
48
48
48
54
53
53
53
54
53
48
54
48
53
54
54
55
53
53
53
53
53
53
61
61
61
61
48
48
53
55
51
55
55
55
55
55
53
55
53
55
55
55
55
51
55
53
53
61
61
61
61
61
51
51
59
51
51
55
51
51
51
51
51
51
51
51
55
51
51
59
59
55
60
60
60
61
61
56
57
57
56
57
56
57
59
59
56
57
57
56
56
56
56
56
56
57
57
60
60
60
60
60
56
56
56
57
59
59
28
56
59
57
57
57
57
59
57
56
57
59
56
57
60
60
60
60
60
28
58
59
59
29
29
59
29
58
58
58
29
58
59
29
29
58
58
29
59
60
60
60
28
28
28
29
30
58
29
58
29
29
58
29
58
58
29
58
29
29
58
29
58
58
19
19
19
28
28
28
30
31
31
31
30
30
30
30
30
31
30
30
30
31
30
24
30
30
30
19
19
19
28
28
31
24
31
24
31
31
24
24
24
30
31
30
24
28
31
24
28
24
31
24
19
19
19
19
28
31
24
31
25
25
25
25
25
24
31
25
28
24
24
24
25
25
31
28
25
19
19
19
19
19
28
25
25
27
25
26
26
25
25
27
27
25
26
27
27
27
27
26
25
26
16
16
16
16
16
18
18
18
26
27
18
26
26
27
27
27
27
27
26
27
27
27
18
26
18
16
16
16
16
16
22
18
22
22
22
18
18
26
18
22
22
26
18
18
26
18
18
18
18
26
17
17
16
16
16
22
21
26
22
20
22
22
22
20
22
20
20
21
26
22
20
22
22
20
22
17
17
17
16
16
12
21
12
21
21
20
20
20
20
21
12
20
20
21
20
20
20
20
21
21
17
17
17
17
17
12
23
12
23
21
21
13
23
21
23
23
23
23
21
12
21
23
13
21
21
17
17
17
17
17
23
12
23
13
13
23
13
12
23
13
23
13
13
13
13
23
13
23
23
13
8
8
8
8
8
12
13
14
14
14
13
14
12
15
14
15
13
14
14
12
13
14
14
14
14
8
8
8
8
8
12
14
15
15
12
11
15
15
15
11
14
15
15
14
15
15
14
15
15
14
9
9
8
8
8
12
10
10
10
10
10
11
15
11
11
11
10
10
10
11
11
10
15
10
15
9
9
9
8
8
12
10
10
11
10
11
2
2
11
11
2
10
2
2
11
10
2
10
2
11
9
9
9
9
8
2
11
2
3
2
3
3
2
3
3
2
2
2
2
3
3
2
3
3
3
9
9
9
9
4
0
3
0
11
3
1
6
1
3
0
0
0
1
0
1
1
1
3
3
3
9
9
9
4
4
0
0
0
0
0
1
0
0
1
1
1
0
0
1
1
1
1
1
0
1
116
116
116
4
4
4
5
5
6
6
6
6
6
6
5
6
6
6
5
6
5
5
6
4
5
116
116
116
116
4
4
7
6
6
5
7
7
5
5
7
5
5
6
5
7
6
7
5
5
5
116
116
116
116
4
4
7
7
112
112
112
4
7
112
7
112
4
7
7
7
7
7
7
112
112
116
116
116
116
4
112
115
112
112
112
115
115
114
112
115
114
112
112
114
115
115
114
115
115
115
117
117
117
117
4
112
114
115
114
115
115
115
114
115
114
114
114
114
115
114
115
114
114
114
114
117
117
117
117
120
120
119
119
119
113
113
119
119
113
119
120
113
119
113
113
119
113
113
120
113
117
117
117
117
120
120
119
113
119
119
113
119
120
113
119
113
120
113
119
120
119
113
120
113
119
117
117
117
117
120
120
122
122
122
122
122
123
122
123
120
123
123
122
123
122
123
123
123
120
122
118
118
118
118
118
120
122
121
123
122
123
121
121
123
122
122
121
122
122
122
121
123
121
123
123
118
118
118
118
118
121
123
121
125
125
125
121
121
121
121
125
123
121
125
125
121
125
121
127
121
118
118
118
118
118
127
127
125
125
127
126
125
125
126
125
125
126
126
125
126
125
127
126
125
127
96
96
96
96
96
124
124
126
126
126
126
127
124
124
124
127
126
127
126
127
124
126
126
126
127
96
96
96
96
96
124
127
97
124
124
124
97
97
97
126
97
97
127
124
124
124
127
97
124
124
96
96
96
96
96
127
97
100
100
97
97
100
97
100
127
100
97
97
97
100
97
100
97
100
124
99
99
99
99
99
108
101
100
100
101
101
100
108
100
102
102
101
100
101
100
108
100
100
101
101
99
99
99
99
99
108
101
101
101
102
102
108
102
101
101
101
101
102
102
108
102
101
102
101
102
99
99
99
99
99
108
102
103
103
102
108
103
103
103
108
108
102
103
103
103
102
103
102
102
103
98
98
98
110
110
110
103
108
103
108
108
109
109
109
110
103
109
103
109
103
109
109
108
108
103
98
98
98
110
110
110
111
104
109
109
109
109
104
111
104
111
109
109
110
109
109
104
109
104
104
98
98
98
110
110
110
111
104
111
111
110
111
111
111
104
111
110
111
104
104
104
111
104
104
111
98
98
98
105
110
105
110
111
105
104
105
105
106
104
111
104
106
106
106
111
106
105
106
110
106
98
98
98
105
105
105
107
107
105
106
105
107
80
105
107
106
80
106
106
107
107
107
80
105
106
85
85
98
80
80
80
81
107
107
107
107
107
107
80
107
107
83
105
81
106
106
106
105
106
107
85
85
85
85
80
80
82
80
86
83
81
81
80
82
82
83
80
80
81
81
81
80
83
83
105
85
85
85
85
84
80
91
82
81
91
80
91
81
82
82
82
91
91
82
81
81
86
81
82
82
85
85
85
84
84
84
87
81
91
81
91
82
86
82
91
81
82
82
86
91
91
82
91
91
82
85
85
85
84
84
84
88
87
84
91
87
91
86
88
87
86
86
91
84
86
86
86
81
91
87
93
93
93
84
84
84
88
87
87
84
86
87
86
84
86
86
83
83
87
87
87
87
88
86
86
93
93
93
84
84
88
90
90
90
88
83
90
87
90
90
90
88
90
87
88
88
87
87
88
90
93
93
93
92
92
88
90
88
89
89
88
83
89
89
89
90
89
83
88
90
88
89
90
88
90
93
93
93
92
92
90
89
94
89
90
83
89
83
94
83
83
89
89
83
83
94
89
89
94
94
93
93
93
92
92
92
92
95
89
95
94
94
94
94
94
94
92
64
89
94
64
92
95
95
95
68
68
68
92
64
92
95
64
64
95
92
95
92
92
95
95
95
92
95
95
64
94
94
95
95
68
68
68
68
69
64
94
65
65
65
64
65
94
64
65
65
64
65
65
65
64
65
65
65
95
68
68
68
69
69
64
66
65
66
66
66
65
65
66
65
66
64
70
67
64
64
70
67
64
67
68
68
68
69
69
69
66
67
66
66
67
66
67
71
67
66
66
70
66
66
67
71
67
66
66
68
68
68
69
69
69
67
71
67
71
70
69
70
67
70
71
67
71
67
67
67
71
71
71
71
76
76
76
69
69
69
71
70
70
69
71
69
70
69
71
70
70
70
71
70
70
70
70
71
71
76
76
76
72
72
72
73
73
73
72
73
73
72
73
73
72
72
72
72
73
72
72
73
73
72
76
76
76
72
72
72
74
74
74
73
73
73
74
74
74
74
74
73
73
74
74
73
74
74
72
76
76
76
77
77
75
74
74
75
75
75
75
75
74
74
75
75
75
75
75
75
75
75
75
75
76
76
77
77
77
77
79
77
79
78
78
78
77
78
78
77
78
78
79
79
77
78
79
77
78
76
76
77
77
77
77
78
79
79
79
78
79
78
79
78
79
78
78
78
79
77
79
79
79
79
