35
35
35
34
34
34
33
34
34
33
32
32
32
32
34
32
32
32
32
32
33
33
32
33
33
35
35
35
34
34
34
34
34
33
32
33
32
33
33
32
33
33
33
33
34
32
33
32
32
33
35
35
35
34
34
36
36
37
37
37
37
37
37
37
36
36
36
37
36
36
36
36
37
36
37
35
35
35
36
36
36
38
38
38
38
37
38
37
39
39
37
38
37
38
37
38
39
38
39
37
35
35
35
36
36
39
39
38
44
39
39
39
39
38
39
39
39
38
39
38
39
38
38
38
39
63
63
63
36
44
44
45
45
45
45
45
45
45
45
45
44
44
44
44
44
45
45
45
45
44
63
63
63
63
44
44
45
45
44
46
46
46
46
47
44
46
45
46
46
44
46
46
46
44
46
63
63
63
42
42
46
46
47
47
46
46
47
47
47
47
47
47
43
46
47
47
47
47
47
47
63
63
63
42
42
42
43
43
43
43
43
43
43
43
47
43
42
42
43
42
43
43
43
42
42
63
63
62
62
63
42
42
43
42
41
42
42
40
43
40
40
40
40
41
40
40
41
42
40
41
62
62
62
62
62
40
40
40
41
41
40
41
40
41
41
40
40
41
41
41
40
41
41
41
41
62
62
62
62
48
48
49
48
49
49
49
49
48
49
48
48
49
49
49
49
48
48
48
49
49
62
62
62
62
48
48
50
50
50
48
48
50
49
49
50
49
50
50
48
49
51
50
48
51
50
61
61
61
62
48
54
50
51
50
50
51
51
51
51
51
50
51
51
50
51
50
51
51
51
50
61
61
61
61
61
54
54
54
54
54
51
54
54
54
54
54
54
51
55
55
55
54
55
55
54
61
61
61
61
56
55
53
53
53
53
55
55
53
54
55
55
55
53
55
55
55
55
53
55
54
61
61
61
56
56
52
53
53
53
52
53
52
52
52
52
53
53
52
52
52
52
52
53
53
53
60
61
56
56
56
56
57
52
52
52
52
56
57
57
57
57
57
57
57
57
57
57
57
52
57
60
60
60
56
56
56
56
58
57
58
58
58
58
58
57
57
58
58
58
58
58
56
59
58
56
60
60
60
60
56
59
59
29
59
59
59
59
59
59
59
58
59
58
58
59
59
59
59
58
59
60
60
60
60
28
28
28
29
28
29
29
29
29
29
29
29
29
28
29
29
28
28
28
28
28
60
60
60
60
28
28
29
29
30
31
28
29
28
31
31
30
30
30
30
30
30
30
30
29
30
19
19
19
28
28
30
30
25
31
31
31
31
31
31
31
31
31
30
30
31
30
31
31
30
31
19
19
19
19
19
25
24
25
25
25
25
24
25
25
25
25
25
24
24
24
24
24
24
25
25
19
19
19
19
19
27
27
24
26
24
26
26
26
26
26
27
26
26
26
24
25
26
25
25
26
19
19
19
16
16
27
27
27
27
26
26
26
27
24
27
18
18
26
27
26
27
27
27
27
27
16
16
16
16
16
24
24
18
22
18
22
18
18
18
18
18
18
22
18
18
18
18
22
18
18
16
16
16
16
24
22
22
22
22
22
22
23
22
22
23
23
23
23
22
23
22
23
22
23
22
16
16
16
16
16
23
20
20
21
20
23
23
23
23
23
23
20
20
20
20
23
21
20
21
20
17
17
17
17
12
20
20
21
21
21
21
21
21
21
21
21
20
20
20
21
20
21
20
21
21
17
17
17
17
12
12
12
12
12
12
12
12
12
13
12
13
13
13
13
13
13
12
12
13
13
17
17
17
17
12
12
13
14
14
14
13
13
14
14
14
13
13
14
14
14
14
14
13
13
14
17
17
17
8
8
15
15
15
10
15
15
15
15
15
15
15
14
14
14
14
15
15
15
15
15
9
9
8
8
8
8
8
11
10
10
10
10
10
10
10
10
10
11
10
11
11
10
10
10
15
9
9
8
8
8
8
11
2
11
11
8
11
11
11
8
2
11
2
10
11
10
11
11
11
11
9
9
9
8
8
0
2
2
2
2
2
2
2
2
3
2
3
3
3
3
2
2
2
2
3
9
9
9
9
0
0
3
0
3
0
0
0
0
0
3
3
3
3
3
3
0
0
3
1
3
9
9
9
9
4
0
0
1
1
0
0
0
1
1
1
1
1
1
1
1
1
1
1
1
1
116
116
116
116
4
4
4
5
5
5
5
4
5
5
5
5
4
5
4
5
4
4
5
4
4
116
116
116
116
116
4
5
4
5
5
5
7
6
6
6
6
7
6
6
6
4
6
4
6
5
116
116
116
116
116
7
7
6
7
7
7
7
7
7
7
6
6
6
6
7
7
7
7
6
6
117
117
116
116
7
115
114
114
114
114
114
114
114
114
115
114
114
114
115
115
115
115
114
115
114
117
117
117
117
117
112
112
115
115
112
115
115
114
115
115
115
115
112
112
112
112
112
114
115
114
117
117
117
117
120
113
119
112
119
112
112
112
112
113
113
112
112
113
119
113
113
113
113
112
113
117
117
117
120
120
119
119
119
113
119
113
119
113
119
113
113
119
119
119
113
119
119
119
113
119
117
117
118
120
120
122
122
122
122
122
122
122
122
122
122
122
122
122
123
123
123
123
123
122
122
118
118
118
118
120
122
121
121
121
123
123
123
123
121
123
123
123
123
123
121
121
123
120
123
121
96
118
118
118
124
124
120
120
120
121
120
125
121
121
121
120
121
120
121
121
120
121
120
124
121
96
96
118
118
118
124
124
125
125
125
124
125
125
125
125
125
125
124
124
124
124
124
125
125
124
96
96
96
118
118
126
125
124
125
124
126
126
126
124
124
125
126
126
126
126
126
126
126
126
125
96
96
118
96
118
127
126
127
127
126
127
126
127
127
127
127
127
127
127
126
127
127
127
97
127
96
96
96
96
118
101
97
97
97
97
97
127
97
97
97
97
100
97
97
97
100
100
97
97
97
96
96
96
99
99
100
100
100
100
100
100
100
101
101
100
100
100
101
100
100
101
101
101
101
101
99
99
99
99
99
100
103
102
101
101
101
101
102
101
102
102
102
102
102
103
102
103
102
101
101
99
99
99
99
99
103
103
103
103
102
102
102
102
103
103
103
103
108
103
102
102
103
103
102
103
99
99
99
99
110
108
109
108
108
108
108
108
109
108
109
108
108
108
109
109
108
108
103
109
108
98
98
98
98
110
110
111
111
108
111
108
111
111
109
109
111
109
109
109
111
109
109
109
109
109
98
98
98
98
110
110
111
110
110
110
110
111
110
111
111
110
110
110
111
111
105
111
111
111
110
98
98
98
105
105
105
104
104
104
104
104
104
104
110
104
105
105
105
105
105
104
104
105
104
104
98
98
105
105
105
106
107
106
106
104
106
106
107
104
104
106
104
106
106
106
106
106
107
106
106
98
98
105
105
105
106
107
107
80
107
107
107
107
107
107
107
107
107
80
106
80
80
106
107
107
85
85
85
85
85
80
80
81
80
80
80
81
81
80
80
80
80
80
80
81
81
81
80
81
81
85
85
85
85
85
81
81
82
82
86
82
82
82
82
82
82
81
81
81
82
82
82
81
81
81
85
85
85
85
84
83
83
83
83
83
83
83
83
83
83
83
82
83
83
82
82
83
83
82
82
85
85
92
92
84
84
84
83
84
87
86
86
86
86
86
86
86
86
86
86
86
87
87
86
87
84
84
92
92
84
87
87
87
84
84
87
84
86
87
87
87
87
86
87
87
87
84
84
87
86
84
84
92
92
92
91
90
90
90
90
90
90
90
90
90
90
91
91
91
90
90
90
90
91
91
93
93
93
92
92
90
89
89
89
91
89
91
91
91
89
89
89
91
91
91
91
91
91
89
90
93
93
93
93
92
88
88
88
89
89
88
88
88
88
89
89
88
88
88
88
94
88
89
89
89
93
93
93
93
93
95
94
94
88
94
94
94
94
94
94
94
94
94
94
94
94
88
88
94
88
93
93
93
64
64
92
95
95
92
92
95
95
95
95
95
95
95
95
95
95
92
95
92
95
95
68
68
93
64
64
65
65
65
65
65
65
65
65
64
64
64
64
64
65
65
65
65
64
64
64
68
68
68
68
69
67
66
64
64
66
66
66
65
65
66
66
65
66
66
65
64
66
66
67
67
68
68
68
69
69
69
67
67
67
66
67
66
67
66
70
67
66
67
67
67
67
67
67
66
66
68
68
68
69
69
70
69
67
69
70
70
70
70
71
71
70
70
71
71
71
71
70
71
71
70
68
68
68
69
69
69
72
71
72
71
71
71
70
70
70
69
71
70
70
72
71
70
72
71
71
76
76
76
69
69
72
72
73
73
73
73
73
72
73
73
72
72
72
72
72
72
72
72
73
73
76
76
76
76
69
72
73
74
73
73
74
74
74
74
74
74
73
73
73
74
74
74
74
73
74
76
76
76
77
77
74
75
77
75
75
75
74
75
75
75
75
75
75
74
75
75
74
75
75
75
76
76
76
77
77
77
77
78
78
78
75
78
77
78
77
77
78
78
78
78
79
79
79
78
78
76
76
77
77
77
78
78
79
79
79
78
79
79
78
79
79
78
79
79
79
77
79
77
79
79
