72
73
73
73
73
73
74
73
73
74
75
75
73
73
75
75
74
75
73
73
73
74
73
75
74
72
72
73
73
73
75
74
75
74
74
74
75
75
74
75
75
75
74
74
75
75
74
74
74
74
72
72
72
72
77
77
76
76
76
76
76
76
77
76
76
76
77
77
76
76
76
76
76
76
76
72
72
72
72
77
77
77
78
78
77
78
78
78
78
78
78
78
77
77
77
77
77
77
78
78
72
72
72
72
77
78
79
79
79
79
79
79
79
79
79
78
79
79
79
78
78
79
78
79
79
72
66
66
66
66
68
68
69
69
69
69
69
69
69
69
69
69
69
69
69
68
68
69
69
69
66
66
66
66
66
68
71
68
71
68
71
71
71
71
68
71
68
68
68
68
68
68
68
68
71
66
66
66
66
66
70
70
70
70
70
70
70
70
70
70
71
70
71
70
70
71
70
71
70
70
66
66
67
67
67
67
93
93
93
93
93
93
93
93
93
93
93
93
71
71
71
67
67
67
67
67
67
67
67
67
92
92
92
92
92
93
92
92
92
92
93
92
93
92
93
92
92
92
92
92
65
65
67
67
67
95
94
94
94
94
94
95
94
94
94
95
95
94
94
94
94
94
94
94
94
65
65
65
65
65
95
90
90
95
90
95
90
90
90
90
90
90
90
90
90
90
95
90
95
95
65
65
65
65
65
95
90
91
90
95
95
91
95
91
91
91
91
91
91
91
91
95
91
91
91
65
65
65
65
64
81
88
88
88
88
88
88
91
91
88
88
88
88
88
88
88
88
88
81
81
64
64
64
64
64
80
81
81
81
81
81
88
89
81
81
89
89
81
89
81
81
80
81
81
81
64
64
64
64
64
80
89
89
80
80
80
80
89
80
80
80
83
83
80
83
80
80
80
80
80
64
64
64
64
64
83
83
83
83
83
83
83
83
83
83
83
89
89
89
89
89
89
89
89
89
107
107
107
107
107
84
82
82
84
84
84
82
84
82
84
82
84
84
84
84
84
82
84
84
83
107
107
107
107
107
84
85
84
84
85
82
82
85
85
85
85
85
82
82
82
82
82
82
82
82
104
104
104
104
107
85
85
85
87
87
85
87
87
87
85
85
85
87
87
85
85
87
87
87
87
104
104
104
104
104
86
86
86
86
86
86
86
86
86
86
86
86
87
87
87
87
86
86
86
86
109
109
104
104
104
107
106
106
106
107
107
106
106
106
106
106
107
106
106
106
106
106
106
106
106
109
109
108
108
108
104
104
105
105
105
105
105
105
105
105
105
105
105
105
105
105
105
105
104
104
109
109
109
108
108
110
111
111
111
111
111
111
111
111
111
111
111
110
111
110
110
110
111
111
111
109
109
109
108
108
108
108
110
108
108
110
110
108
110
110
110
110
110
110
110
110
108
108
108
108
109
109
109
99
101
102
102
102
103
102
102
102
102
102
103
102
103
103
102
102
102
102
102
102
102
109
109
109
99
101
101
101
101
103
103
103
103
101
101
101
103
103
103
101
101
101
103
103
103
103
99
99
99
99
101
101
100
100
100
100
101
100
100
100
100
100
100
100
100
100
100
101
101
100
100
99
99
99
99
99
99
98
98
98
99
99
98
98
98
98
98
99
98
98
98
98
98
98
98
98
99
97
97
97
97
97
96
97
96
96
96
97
97
96
96
96
96
96
96
96
96
96
96
96
96
97
97
97
97
97
114
115
115
115
115
115
115
115
115
115
115
115
115
115
115
114
114
114
114
115
97
97
97
113
113
113
112
113
112
112
112
113
112
113
112
112
112
112
112
112
112
112
112
112
112
113
113
113
113
113
118
119
119
118
118
119
119
118
118
118
118
118
118
118
118
118
118
118
118
118
113
113
113
113
113
117
127
117
117
117
117
117
117
117
117
117
117
117
127
127
127
127
117
117
127
114
114
114
117
117
126
126
126
127
126
127
126
126
126
126
127
126
126
126
126
126
126
127
126
126
114
114
114
116
116
124
124
124
124
124
124
124
124
127
124
127
124
124
124
124
127
124
127
124
127
114
114
114
116
116
124
125
125
125
125
125
125
125
125
123
125
125
123
125
125
125
123
125
125
125
114
114
116
116
116
122
122
122
122
122
122
122
123
123
122
122
122
122
122
122
123
123
122
122
122
116
116
116
116
116
120
123
120
120
123
120
120
120
123
120
123
123
120
120
120
123
123
123
120
120
116
116
116
116
119
120
120
121
121
121
121
121
121
121
121
121
120
120
121
121
121
121
121
121
121
119
119
119
119
119
46
46
46
47
46
46
46
46
47
46
47
46
47
46
46
46
46
46
46
46
119
119
119
119
119
44
47
44
47
47
44
44
47
47
47
47
44
44
44
44
44
47
47
47
47
41
41
44
44
44
44
44
45
45
45
45
45
45
45
45
44
45
45
44
45
45
45
45
45
45
41
41
41
41
41
41
40
41
40
40
40
40
41
41
40
40
40
40
40
40
40
40
40
40
40
41
41
41
41
41
42
43
43
43
43
43
43
43
43
43
43
43
42
43
42
42
43
43
43
43
37
37
37
39
39
39
42
42
42
42
42
42
42
39
39
42
39
42
42
42
42
39
39
39
39
37
37
37
37
39
39
38
38
38
38
38
39
38
38
38
38
38
38
39
39
38
38
38
38
38
37
37
37
37
37
37
36
36
37
37
36
36
36
36
36
36
37
36
36
36
36
36
36
36
36
54
32
32
32
32
32
32
33
33
33
33
33
33
33
33
33
33
33
33
33
33
32
33
32
33
54
54
54
54
54
32
34
34
32
34
34
34
34
34
32
34
34
34
32
34
32
32
32
34
32
54
54
54
54
54
34
35
35
35
35
35
35
35
35
34
35
35
34
35
35
35
35
34
35
35
54
54
54
54
54
58
59
59
59
59
59
59
59
59
58
58
59
59
59
58
58
58
59
58
58
55
55
55
55
55
57
58
57
57
58
57
57
57
58
57
58
58
57
57
57
58
58
58
57
57
55
55
55
55
55
57
56
56
56
56
56
56
57
56
56
56
56
56
57
56
57
56
56
56
56
55
55
55
55
55
61
60
60
60
60
60
61
60
60
60
61
61
60
60
60
60
60
60
60
60
53
53
53
53
53
61
14
14
7
14
14
7
14
14
61
61
61
61
61
61
61
61
61
61
61
53
53
53
53
53
15
14
14
15
14
14
15
15
14
15
15
15
15
14
14
14
14
14
15
15
53
53
53
53
53
15
13
13
13
13
13
13
13
13
15
15
13
13
13
13
15
13
15
13
13
53
52
52
52
52
9
12
12
12
12
12
9
12
9
12
12
12
12
12
13
12
12
12
12
12
52
52
52
52
52
9
8
8
8
8
8
8
8
9
8
8
8
8
8
8
9
8
8
11
8
52
52
52
52
52
9
11
2
11
2
2
2
11
11
11
11
11
11
11
11
11
11
2
2
11
48
48
48
52
52
9
7
7
10
10
10
10
10
10
11
2
11
9
9
9
9
9
9
9
9
48
48
48
48
48
2
10
10
10
10
10
10
10
2
10
10
10
2
2
2
2
3
2
2
2
48
48
48
48
48
1
1
3
3
3
3
3
3
1
3
3
1
3
3
1
3
3
3
3
3
49
49
48
48
48
1
0
0
0
0
0
1
0
0
0
0
0
0
0
0
1
0
0
1
0
49
49
49
49
49
1
1
1
5
1
1
1
1
5
5
5
5
5
5
5
5
5
5
5
5
49
49
49
49
49
7
4
4
4
4
4
4
4
5
4
4
4
4
5
5
4
4
4
4
4
49
49
49
49
51
7
7
6
6
6
6
6
6
6
6
7
6
6
7
6
6
6
6
6
6
51
51
51
51
51
22
7
7
7
7
7
7
22
22
22
22
22
22
22
22
22
22
22
22
22
51
51
51
51
51
22
21
21
21
21
21
22
21
21
21
23
23
23
23
21
23
21
21
21
21
51
51
51
51
51
23
20
20
20
20
20
20
20
21
20
20
20
20
21
21
20
20
20
20
20
50
50
50
50
50
19
23
23
23
23
19
19
19
19
19
19
23
19
19
19
19
23
23
23
23
50
50
50
50
50
19
18
18
18
18
18
18
18
18
19
18
18
18
18
19
19
18
18
18
18
50
50
50
50
50
19
16
17
17
17
17
17
17
17
17
17
17
17
17
17
17
16
17
16
17
50
62
62
62
62
31
31
16
16
16
16
16
31
16
16
31
16
16
16
16
31
31
16
31
16
62
62
62
62
62
31
30
30
30
30
30
30
30
31
30
30
30
30
31
30
31
30
30
30
30
62
62
62
62
62
29
29
29
26
31
29
29
29
31
29
29
29
29
31
26
29
31
26
26
29
63
63
63
62
62
29
28
29
29
26
29
26
26
27
26
26
26
27
27
26
26
26
26
26
26
59
63
63
63
63
28
27
27
27
28
28
27
28
28
28
28
28
28
28
28
28
27
28
28
28
59
63
63
63
63
27
24
24
25
24
25
24
27
25
25
25
25
24
25
27
25
24
24
25
24
59
63
63
63
63
27
24
25
24
24
24
24
27
25
25
27
27
27
25
24
25
24
24
25
25
