40
40
40
40
40
42
42
43
43
43
43
43
42
42
43
42
43
43
42
43
43
42
43
42
43
40
40
40
40
40
43
42
42
42
42
43
42
42
43
42
42
43
43
42
43
42
42
43
43
42
40
40
40
40
40
42
43
43
43
43
43
42
42
43
42
42
42
42
43
43
43
42
42
42
43
40
40
40
40
40
41
41
41
41
41
41
45
44
44
41
41
42
41
43
41
42
45
44
45
41
40
40
40
40
40
44
45
44
45
44
45
44
45
44
45
44
45
44
45
44
45
44
45
44
45
40
40
40
40
40
44
45
44
45
44
45
44
45
44
45
44
45
44
45
44
45
44
45
44
45
41
41
41
41
40
44
45
44
45
46
44
45
44
45
44
45
44
45
44
47
46
45
44
45
44
41
41
41
41
40
47
47
47
47
47
47
46
46
46
47
47
46
46
46
47
46
46
46
47
46
41
41
41
41
41
47
46
46
47
46
47
47
46
47
47
46
47
47
47
46
47
47
46
46
46
41
41
41
41
41
46
46
46
46
47
46
47
46
47
47
46
46
47
46
46
47
47
47
46
47
41
41
37
37
37
37
37
37
39
37
37
37
37
38
38
37
37
37
39
37
37
37
38
39
38
36
36
36
36
36
36
39
38
39
38
39
38
39
38
39
38
39
38
39
37
38
39
38
39
38
36
36
36
36
36
36
39
38
39
38
39
38
39
38
39
38
39
38
39
38
39
37
37
37
37
36
36
36
36
36
36
38
37
37
37
37
39
37
37
38
37
37
39
38
39
38
39
38
39
38
36
36
36
36
36
37
35
34
34
35
39
34
35
34
38
39
38
39
38
39
38
39
38
39
38
36
36
36
36
36
35
34
35
34
35
34
35
34
35
34
35
34
35
34
35
34
35
34
35
34
36
36
36
36
37
35
34
35
34
35
34
35
34
35
34
35
34
35
34
35
34
35
34
35
34
57
57
56
56
56
35
34
35
33
34
35
34
35
34
35
34
35
34
35
32
33
32
34
35
34
59
59
56
56
56
33
33
33
32
33
33
33
32
32
33
33
33
33
32
33
33
32
33
32
32
59
59
56
56
56
32
32
32
33
33
32
33
32
33
32
33
32
33
32
32
33
33
33
32
33
59
59
59
59
57
32
33
32
33
33
32
32
32
33
32
32
32
32
32
32
32
33
32
33
33
59
59
59
59
59
59
57
57
57
57
57
57
56
57
56
57
56
57
56
57
56
57
56
57
56
59
59
59
59
59
59
57
56
57
56
57
56
57
56
57
56
57
56
57
56
57
56
57
56
57
59
59
59
59
59
59
56
57
56
57
56
62
57
56
57
56
57
56
57
56
60
63
60
62
60
59
59
59
59
59
62
62
63
63
63
63
62
63
62
63
63
62
63
63
62
63
63
62
63
63
58
58
58
58
58
62
62
62
62
62
63
62
62
62
62
62
63
62
63
63
63
63
62
63
62
58
58
58
58
58
63
63
63
63
63
62
62
62
62
63
63
63
62
62
62
63
62
62
63
62
58
58
58
58
58
60
60
60
61
61
61
60
60
61
61
61
60
61
61
61
61
60
61
60
60
58
58
58
58
58
61
61
60
61
61
61
61
61
60
61
60
61
60
61
61
60
61
61
61
60
58
58
58
58
58
61
60
60
61
60
60
61
60
60
60
60
60
61
61
60
60
60
60
61
60
58
58
58
58
48
48
48
48
48
48
48
48
48
48
48
48
48
48
48
48
48
48
48
48
48
58
58
58
48
48
51
50
50
50
51
50
50
50
51
51
51
50
51
50
51
50
50
51
50
50
49
49
49
49
49
50
50
51
51
51
51
51
50
51
51
51
50
50
51
50
51
50
50
50
50
49
49
49
49
49
50
50
50
50
51
51
51
50
50
50
51
51
51
51
51
51
51
51
51
50
49
49
49
49
49
48
55
55
55
48
55
48
50
48
53
55
52
51
48
55
50
48
52
55
53
49
49
49
49
49
52
53
52
53
52
53
52
55
53
52
55
55
53
52
53
52
55
53
55
55
49
49
49
49
49
52
55
55
53
52
53
54
52
53
55
52
53
52
53
52
53
52
54
53
55
49
49
49
49
48
52
54
55
54
55
53
54
55
54
55
54
55
52
54
55
54
55
54
55
54
49
49
49
48
48
55
54
53
52
55
54
55
54
55
54
55
54
53
52
53
52
53
52
53
52
54
54
54
54
54
55
53
54
52
53
52
53
52
53
52
53
52
53
52
53
52
53
52
53
52
54
54
54
54
54
21
20
21
20
21
20
21
20
21
20
21
20
21
20
21
20
21
20
21
20
54
54
54
54
54
21
20
21
20
21
20
21
20
21
20
21
20
21
20
21
20
21
20
21
20
0
0
0
0
0
23
23
23
23
23
23
22
23
23
23
22
22
23
22
23
23
23
22
22
22
0
0
0
0
0
22
23
22
23
22
22
23
22
22
22
23
22
23
22
22
22
23
23
23
22
0
0
0
0
0
23
23
23
22
22
23
22
22
23
22
22
22
22
23
22
22
22
23
22
23
0
0
0
0
0
19
18
21
20
21
20
21
18
20
19
21
20
18
21
20
19
21
20
21
18
0
0
0
0
0
20
21
20
21
20
21
20
21
23
20
19
23
18
19
18
19
18
19
18
19
1
1
1
1
0
18
19
18
19
18
19
18
19
18
19
18
19
18
19
18
19
18
19
18
19
1
1
1
1
1
18
19
18
17
19
18
19
18
19
18
19
17
18
17
19
16
18
19
18
19
1
1
1
1
1
16
16
17
17
16
16
16
16
17
17
17
17
17
17
16
16
17
17
17
16
1
1
1
1
1
16
17
17
16
17
17
16
17
17
16
16
17
17
16
16
17
16
16
17
16
1
1
1
1
1
16
17
17
17
16
16
16
17
16
17
17
16
16
16
16
17
17
16
16
16
1
1
1
1
1
31
27
30
26
30
26
31
27
30
26
31
27
30
26
18
19
18
19
18
19
1
1
1
3
2
31
30
31
30
31
30
31
30
31
30
31
30
31
30
31
30
31
30
31
30
2
2
2
2
2
27
26
27
26
27
26
27
26
27
26
27
26
27
26
27
26
27
26
27
26
2
2
2
2
2
27
26
27
26
27
26
27
26
27
26
27
26
27
26
27
26
27
26
27
26
2
2
2
2
2
27
26
27
25
26
27
26
27
26
27
26
27
26
27
26
24
25
24
27
26
2
2
2
2
2
25
25
24
24
24
25
24
25
25
24
24
24
25
24
25
24
25
25
24
25
2
2
2
2
2
24
24
24
25
25
25
24
25
25
24
24
25
24
24
24
25
25
25
24
25
2
2
2
2
3
24
25
24
24
24
25
24
25
25
25
25
24
24
25
25
24
25
24
25
24
3
3
3
3
3
31
30
31
30
31
30
31
30
31
30
31
30
31
30
31
30
31
30
31
29
3
3
3
3
3
30
31
30
31
28
29
28
30
31
30
31
30
31
30
31
30
31
30
31
30
3
3
3
3
3
29
28
29
28
29
28
29
29
29
29
28
28
28
28
28
28
29
29
29
29
3
3
3
3
3
28
29
29
28
28
28
29
28
28
28
28
29
29
29
28
29
29
28
29
28
3
3
3
3
3
29
29
29
29
28
28
29
28
29
29
28
28
28
29
28
29
28
28
28
29
3
3
5
5
5
0
18
19
21
18
22
19
20
18
0
4
3
4
0
4
2
4
0
7
3
5
5
5
5
5
11
10
10
11
10
11
10
11
10
11
10
11
10
11
10
11
10
11
10
11
5
5
5
5
5
10
8
11
10
11
10
11
10
11
10
11
10
8
11
10
11
9
8
10
11
5
5
5
5
5
9
9
9
8
8
9
8
9
9
9
9
8
9
9
8
8
8
9
9
8
5
5
5
5
5
9
8
9
9
8
9
9
8
9
8
9
8
9
8
8
8
9
8
9
9
5
5
5
5
5
8
8
8
8
9
9
8
8
9
9
8
8
8
9
8
9
8
8
9
9
5
5
5
5
4
10
11
10
11
10
11
15
10
11
10
11
10
14
11
14
10
11
15
10
11
4
4
4
4
4
10
11
10
11
14
15
10
11
10
11
10
14
11
15
14
15
14
15
14
15
4
4
4
4
4
14
15
14
15
14
15
14
15
14
15
14
15
14
15
14
15
14
15
14
15
4
4
4
4
4
14
15
14
15
13
14
15
14
15
14
15
14
15
14
15
14
15
13
12
14
4
4
4
4
4
12
13
13
12
13
12
12
13
12
12
12
12
13
13
13
12
13
12
12
12
4
4
4
4
4
13
12
12
12
12
12
12
13
12
13
12
12
13
13
12
12
12
13
13
13
6
6
6
6
6
13
13
12
12
13
12
13
13
13
12
12
13
13
12
13
13
13
13
13
12
6
6
6
6
6
6
15
14
15
14
15
14
15
14
15
14
15
14
10
4
0
7
2
4
0
6
6
6
6
6
6
7
7
7
7
7
7
7
7
7
7
7
7
6
7
7
7
7
7
7
6
6
6
6
6
6
7
7
7
7
7
6
7
7
7
6
6
6
6
6
6
7
6
7
7
