40
40
40
40
40
40
40
40
41
40
41
40
40
40
41
41
41
41
41
41
41
41
41
40
40
40
40
40
40
40
41
41
41
41
41
41
41
41
41
41
41
41
41
41
41
41
41
41
41
41
40
40
40
40
40
43
43
43
43
43
43
43
43
43
43
43
43
43
43
43
43
43
43
43
43
40
40
40
40
40
42
42
42
42
42
42
42
47
42
42
47
42
42
42
47
42
47
47
47
42
40
40
40
42
42
47
47
47
47
47
47
47
47
47
47
47
47
47
47
47
47
47
47
47
47
42
42
42
42
42
46
46
46
46
46
47
46
46
46
46
47
46
46
47
47
46
46
46
46
47
42
42
42
42
42
46
45
45
46
46
46
46
46
46
46
46
46
45
45
46
45
45
46
45
46
43
43
43
42
42
46
45
46
45
46
46
45
45
45
45
45
45
45
45
45
45
45
45
45
45
43
43
43
42
42
44
44
44
45
45
44
44
45
44
44
45
45
44
44
44
45
45
45
44
44
43
43
43
42
42
44
44
44
44
44
44
44
44
44
44
44
44
44
44
44
44
44
44
44
44
43
43
38
38
38
38
38
38
38
38
38
38
38
38
38
38
38
38
38
38
38
38
38
38
38
35
35
38
38
38
38
38
38
39
39
39
39
39
38
39
39
39
39
38
39
39
38
39
39
39
35
35
35
35
35
36
39
39
39
39
39
39
39
39
39
39
39
36
36
36
36
36
39
36
36
35
35
35
35
35
36
36
36
36
39
36
36
36
36
36
39
36
36
36
36
39
36
39
39
36
35
35
35
35
35
36
37
37
37
37
36
37
37
36
36
36
36
37
37
37
37
36
36
36
37
32
32
32
32
32
37
37
37
37
37
37
37
37
37
37
37
37
37
37
37
37
37
37
37
37
32
32
32
32
32
32
32
32
32
32
32
32
32
32
32
32
32
32
32
32
32
32
32
32
32
50
50
50
50
50
32
33
33
33
33
33
33
33
33
33
33
33
33
33
33
33
33
33
32
33
50
50
50
50
50
33
33
33
33
33
33
33
33
33
33
33
33
33
34
33
34
34
34
34
34
50
50
50
50
50
34
34
34
34
34
34
34
34
34
34
34
34
34
34
34
34
34
34
34
34
50
50
50
50
50
34
34
35
35
35
35
35
34
35
34
34
35
35
35
35
35
35
35
34
35
50
50
50
50
50
52
52
52
52
52
52
52
52
52
52
52
52
52
52
52
52
52
52
52
52
50
50
50
50
50
52
53
52
53
52
53
53
53
53
52
53
52
52
52
52
52
52
52
52
53
51
51
51
50
50
53
53
53
53
53
53
53
53
53
53
53
53
53
53
53
53
53
53
53
53
51
51
51
51
51
54
54
54
54
54
53
54
54
54
54
54
54
54
54
53
54
54
54
54
53
51
51
51
51
51
54
54
54
54
54
54
54
54
55
55
55
55
54
55
54
54
54
54
54
54
51
51
51
51
51
55
55
55
55
55
55
55
55
55
55
55
55
55
55
55
55
55
55
55
55
51
51
51
48
48
49
49
55
55
49
55
55
49
49
49
49
49
49
49
55
55
49
49
49
49
51
51
51
48
48
48
48
49
49
49
49
49
49
49
49
49
49
49
49
49
49
49
49
49
49
51
51
48
48
48
48
48
48
48
48
48
48
48
48
48
48
48
48
48
48
48
48
48
48
48
51
51
48
48
48
59
59
59
59
59
59
59
59
59
59
59
59
59
59
59
59
59
59
59
59
51
51
51
56
56
59
59
59
56
59
59
56
59
59
56
59
59
56
56
56
56
56
56
56
56
56
56
56
56
56
58
58
58
58
58
58
58
58
58
58
58
58
59
59
58
58
58
58
58
58
56
56
56
56
56
58
63
58
58
58
58
58
58
58
58
58
58
58
63
63
63
63
58
58
63
56
56
56
56
56
63
63
63
63
63
63
63
63
63
63
63
63
63
63
63
63
63
63
63
63
57
56
56
56
56
62
62
62
62
62
62
62
62
63
62
63
62
62
62
62
63
62
63
62
63
57
57
57
57
57
62
62
62
62
62
62
62
62
62
60
62
62
60
62
62
62
60
62
62
62
57
57
57
57
57
60
60
60
60
60
60
60
60
60
60
60
60
60
60
60
60
60
60
60
60
57
57
57
57
57
60
61
60
61
61
61
61
60
61
61
60
60
60
61
60
60
60
61
61
61
57
57
57
57
57
61
61
61
61
61
61
61
61
61
61
61
61
61
61
61
61
61
61
61
61
57
57
57
57
57
9
9
9
9
9
9
9
9
9
9
9
9
9
9
9
9
9
9
9
9
57
57
57
57
57
9
8
9
8
8
9
9
9
9
8
8
8
9
9
9
9
9
8
8
9
3
3
3
10
10
10
8
8
8
8
8
8
8
8
10
8
8
8
8
8
8
8
8
8
10
3
3
3
10
10
10
10
10
10
10
10
10
10
10
10
10
10
8
8
8
8
8
10
8
8
3
3
3
10
10
10
10
11
11
11
11
11
11
11
11
11
11
11
11
11
11
11
11
11
11
3
3
3
10
10
11
11
11
11
15
11
11
11
11
11
11
11
11
15
15
15
11
15
15
15
3
3
3
10
10
15
15
15
15
15
15
15
15
15
15
15
15
15
15
15
15
15
15
15
15
3
3
3
10
10
15
14
14
14
14
14
14
15
14
14
14
15
14
14
14
14
14
14
15
14
3
3
3
10
10
13
14
14
14
14
14
14
14
13
13
14
13
13
13
13
13
14
14
13
13
3
3
3
2
2
13
13
14
13
14
13
14
14
13
13
13
14
14
13
13
13
13
13
13
13
3
3
3
2
2
12
12
12
12
13
12
13
13
12
13
12
13
13
13
13
12
12
12
12
12
3
3
3
2
2
12
12
12
12
12
12
12
12
12
12
12
12
12
12
12
12
12
12
12
12
3
0
0
0
1
2
2
2
2
2
2
2
2
2
2
2
2
2
2
2
2
2
2
2
2
0
0
0
0
1
1
1
1
1
1
1
1
1
1
1
1
1
1
1
1
1
1
1
1
1
0
0
0
0
0
1
1
7
7
7
7
7
7
7
1
7
1
7
7
1
1
1
1
1
1
0
0
0
0
0
0
0
0
7
0
0
0
0
7
7
0
0
0
7
0
0
7
0
0
0
6
6
6
6
6
7
7
7
7
7
7
7
7
7
7
7
7
5
7
7
7
5
5
7
5
6
6
6
6
6
5
5
5
5
5
5
5
5
5
5
5
5
5
5
5
5
5
5
5
5
6
6
6
6
6
4
5
4
4
5
4
4
4
5
4
5
5
4
4
4
5
5
5
4
4
6
6
6
6
6
4
4
4
4
4
4
4
4
4
4
4
4
4
4
4
4
4
4
4
4
6
6
6
6
6
31
31
31
31
31
31
31
31
31
31
31
31
31
31
31
31
31
31
31
31
6
6
6
6
6
30
31
30
30
30
31
31
30
31
31
31
31
30
31
30
31
31
30
31
30
2
2
2
6
6
30
30
30
30
30
30
30
30
30
30
30
30
30
30
30
30
30
30
30
30
2
2
2
28
28
29
30
29
29
29
29
29
29
29
29
29
29
29
29
29
29
29
29
30
30
16
16
16
28
28
28
28
29
28
29
29
29
29
28
28
29
29
29
29
29
29
29
29
28
29
16
16
16
28
28
28
25
28
28
28
28
28
28
28
28
28
28
28
28
28
28
28
28
28
28
16
16
16
24
28
25
25
25
25
25
25
25
25
25
25
25
25
25
25
25
25
25
25
25
25
16
16
16
24
24
24
24
24
25
24
25
25
24
25
24
25
25
25
25
24
24
24
25
25
25
16
16
16
24
24
26
26
26
26
26
26
26
26
26
26
26
26
24
26
26
26
26
26
26
24
16
16
16
21
24
24
26
24
24
26
26
26
24
26
24
24
24
24
24
24
24
24
24
24
24
16
16
16
21
21
27
26
26
27
27
27
27
26
26
26
26
26
26
27
26
27
27
27
27
27
16
16
16
22
21
27
27
27
27
27
27
27
27
27
27
27
27
27
27
27
27
27
27
27
27
16
16
16
22
22
23
23
23
23
23
23
23
23
23
23
23
23
23
23
23
23
23
23
23
23
16
16
16
17
17
22
22
22
23
23
22
23
23
23
23
22
22
22
23
23
23
23
22
22
23
16
16
17
17
17
22
22
22
22
22
22
22
22
22
22
22
22
22
22
22
22
22
22
22
22
17
17
17
17
17
21
21
21
21
21
21
21
21
21
21
21
21
21
21
21
21
21
21
21
21
17
17
17
17
17
20
21
20
20
21
20
20
20
21
20
21
21
20
20
20
21
21
21
20
20
17
17
17
17
17
20
20
20
20
20
20
20
20
20
20
20
20
20
20
20
20
20
20
20
20
17
17
17
17
18
18
18
18
18
18
18
18
18
18
18
18
18
18
18
18
18
18
18
18
18
17
17
17
17
18
18
19
19
19
19
19
19
19
19
19
19
19
19
19
19
18
19
18
19
19
17
17
17
17
18
18
18
19
19
19
19
19
19
19
19
18
19
19
18
19
19
18
19
18
19
