73
73
73
73
73
73
79
75
74
74
75
74
77
75
74
75
74
76
78
75
77
78
74
76
79
73
73
73
73
73
73
77
78
76
75
79
77
78
76
79
77
78
76
79
77
78
76
74
75
79
73
73
73
73
72
72
74
75
74
75
74
75
74
75
74
75
77
78
76
79
77
78
76
79
77
72
72
72
72
72
74
78
76
79
77
78
76
79
77
78
76
79
77
78
76
79
77
78
76
79
72
72
72
72
72
75
71
69
77
68
78
70
67
69
76
79
66
77
78
76
79
77
78
76
74
72
72
72
72
75
67
66
65
67
66
67
66
67
66
64
65
64
67
66
67
66
65
67
66
64
87
87
74
75
74
67
65
64
66
65
67
66
64
65
64
67
65
64
65
66
67
66
64
65
64
86
86
86
86
87
65
64
67
66
67
66
65
64
65
67
66
64
65
64
65
64
65
64
67
65
86
86
86
86
87
70
68
71
69
66
64
70
68
71
69
70
68
71
69
70
68
71
69
70
68
86
86
86
86
87
71
69
70
68
71
69
70
68
71
69
70
68
71
69
70
68
71
69
70
68
86
86
86
86
87
71
69
70
68
71
69
70
68
71
69
70
68
71
69
70
68
71
69
70
68
85
85
85
87
95
93
91
89
88
90
89
90
88
91
89
90
88
91
89
90
88
91
89
90
88
84
84
84
84
92
94
91
89
90
88
91
89
90
88
91
89
90
88
93
91
89
90
94
92
95
84
84
84
84
88
93
94
91
92
89
95
93
94
92
90
95
93
88
94
91
89
90
88
91
89
84
84
84
84
90
92
95
88
91
93
89
90
88
94
91
92
95
89
93
94
92
95
93
94
90
84
84
84
84
92
95
93
94
92
88
91
89
95
93
94
90
92
95
93
94
88
91
92
89
95
85
85
85
85
93
94
92
95
93
94
92
95
93
94
92
95
93
94
92
95
93
90
94
88
92
116
116
116
116
116
85
87
85
87
85
87
83
85
87
85
87
85
82
87
85
81
87
85
87
85
116
116
116
116
116
82
83
82
80
81
83
80
81
82
83
82
80
83
82
81
80
81
80
81
83
116
116
116
116
116
80
82
83
81
82
83
82
80
83
81
80
82
83
81
80
82
81
83
82
83
115
115
114
114
114
80
81
80
82
81
80
81
83
82
80
83
81
80
82
81
80
81
83
82
80
115
115
115
114
114
114
119
118
118
119
118
119
118
119
118
119
118
119
118
119
118
117
119
117
118
115
115
115
114
114
114
117
119
117
118
117
119
117
118
117
119
117
118
117
119
117
118
117
119
117
115
115
115
114
114
114
118
117
119
117
118
125
117
119
117
114
118
114
116
114
123
127
122
124
121
115
115
115
115
114
125
124
126
126
127
126
125
127
124
126
127
125
126
127
124
126
127
125
126
127
113
113
113
113
112
124
125
124
125
124
126
125
124
125
124
125
127
124
126
127
126
127
125
126
124
113
113
113
113
112
127
126
127
126
127
125
124
125
124
126
127
126
125
124
125
127
124
125
126
124
113
113
113
113
112
120
122
121
120
123
121
122
123
120
122
123
122
121
120
123
122
121
120
121
120
113
113
113
113
112
123
121
120
121
122
123
120
122
123
121
122
120
123
121
120
122
121
123
122
120
112
112
112
112
112
123
122
123
122
121
120
121
120
121
120
121
120
123
121
122
123
122
123
122
120
112
112
112
112
99
97
98
96
99
97
98
96
99
97
98
96
99
97
98
96
99
97
98
96
99
112
112
112
97
103
98
96
99
97
98
96
99
103
97
98
96
99
97
98
96
99
97
98
96
99
103
103
102
102
102
102
97
98
96
99
97
98
96
99
97
98
96
103
99
103
103
103
103
103
103
100
100
102
102
102
102
103
102
103
102
103
97
98
102
96
99
97
98
96
103
102
99
97
98
96
100
100
102
102
102
102
107
105
104
106
105
106
104
107
105
106
104
107
105
106
104
107
105
106
104
100
100
100
100
107
105
106
104
107
105
106
104
107
105
106
104
107
105
106
104
107
105
106
104
107
100
100
100
100
105
106
104
107
105
106
104
107
105
106
104
107
105
106
104
107
105
106
104
107
105
100
100
100
100
111
109
110
110
111
110
111
110
108
109
111
108
109
110
108
111
109
110
111
110
111
101
101
101
101
110
111
108
110
111
110
109
111
108
110
109
111
108
109
110
108
109
111
108
110
111
101
101
101
101
109
110
108
109
108
109
108
109
111
110
111
108
109
108
109
108
109
108
110
109
108
101
101
101
101
106
39
37
36
38
37
38
36
39
37
38
36
39
37
38
36
39
37
38
36
39
101
101
101
101
104
37
38
33
36
39
37
38
36
39
37
38
36
39
37
38
32
35
33
36
39
54
54
54
54
52
34
35
32
33
34
35
32
34
33
35
32
34
33
35
32
33
32
34
33
35
54
54
54
54
52
32
34
35
34
35
33
32
34
35
34
35
33
32
34
35
33
32
34
35
34
54
54
54
54
55
35
33
32
33
34
32
35
33
32
33
34
35
32
33
32
33
34
35
32
34
53
53
53
53
52
37
47
38
36
39
37
38
36
39
37
38
36
39
45
37
38
44
36
39
37
53
53
53
52
52
46
45
38
36
46
39
37
44
38
47
45
46
44
47
45
46
44
47
45
46
53
53
53
52
52
44
47
45
46
44
47
45
46
44
47
45
46
44
47
45
46
44
47
45
46
53
53
53
52
52
44
47
45
46
44
47
45
46
44
47
43
45
46
44
47
45
46
44
47
42
53
53
53
52
52
43
41
42
40
43
42
41
43
42
43
40
41
40
41
40
42
41
40
43
42
52
52
52
52
52
43
42
41
40
43
42
43
42
41
43
40
41
40
41
42
40
41
40
41
40
51
51
51
51
55
41
43
42
40
41
40
43
41
40
42
41
43
42
43
40
42
43
42
41
43
51
51
51
51
51
51
45
46
44
47
45
36
46
39
42
37
44
38
40
36
63
61
60
62
61
51
51
51
51
50
51
62
60
55
63
61
62
60
63
55
55
61
59
55
55
62
57
60
56
63
50
50
50
50
50
51
58
61
57
55
55
62
58
60
55
56
55
55
54
55
54
55
54
55
54
50
50
50
50
50
59
57
58
56
63
59
61
62
57
58
56
60
59
57
58
63
56
59
57
61
50
50
50
50
50
62
60
63
61
62
60
63
61
62
60
63
61
62
60
63
61
62
60
63
61
49
49
49
49
48
62
58
60
56
63
59
57
58
56
59
57
58
61
56
59
62
57
58
56
59
49
49
48
48
48
57
58
56
59
57
58
56
59
57
58
60
56
59
57
58
56
63
61
62
59
49
49
48
48
48
60
63
61
62
57
60
63
58
56
59
57
58
56
59
61
57
58
56
62
60
49
49
48
48
48
19
17
18
23
16
19
17
18
16
19
17
18
16
21
19
20
22
17
21
22
49
49
48
48
48
20
23
21
22
20
23
21
22
20
23
21
22
20
23
21
22
20
23
21
22
49
49
48
48
48
18
20
23
16
21
22
20
23
21
22
20
19
23
21
22
20
23
21
17
18
49
49
28
28
28
16
19
17
18
16
19
22
17
18
16
19
17
18
16
19
17
18
16
19
17
10
10
28
28
28
18
16
19
17
18
16
19
17
18
16
20
19
17
23
18
16
19
17
18
16
10
10
28
28
28
21
22
20
23
21
31
22
20
23
21
22
20
23
19
21
17
30
30
31
22
10
10
28
28
28
18
20
16
23
30
19
21
17
31
22
18
20
16
30
31
30
31
30
31
29
10
10
10
10
30
29
31
29
30
29
31
29
30
29
31
29
30
29
31
29
30
29
31
29
30
10
10
10
10
29
31
29
30
28
31
29
25
30
28
31
29
30
28
31
29
24
27
25
30
28
11
11
11
10
3
24
26
25
24
25
24
27
25
26
24
27
26
25
24
27
26
25
27
26
24
11
11
11
11
1
25
27
24
25
24
26
27
25
26
24
27
26
27
26
25
24
25
27
26
27
11
11
11
11
2
26
27
24
26
25
27
24
26
25
27
26
24
27
26
27
25
24
25
24
26
11
11
11
11
0
3
1
2
0
3
1
2
0
3
1
2
0
3
1
2
0
3
1
2
0
8
8
8
11
3
1
2
0
3
1
2
0
3
1
2
0
3
1
2
0
3
1
2
0
3
8
8
8
8
5
7
6
6
4
5
4
7
6
7
5
6
7
6
4
5
4
7
6
5
4
8
8
8
8
5
4
5
4
5
4
7
6
5
4
5
7
6
7
4
5
4
6
7
5
6
8
8
8
8
4
5
4
5
7
6
7
6
4
7
6
7
6
5
4
5
7
6
4
7
6
9
9
9
8
10
9
1
2
0
3
1
2
0
3
1
2
0
3
1
2
0
3
1
2
0
9
9
9
9
13
12
13
12
15
13
12
13
14
12
14
13
12
15
14
15
14
13
15
12
14
9
9
9
9
15
13
12
14
15
14
13
15
14
15
12
13
12
14
13
15
12
14
15
14
15
9
9
9
9
13
14
12
15
14
15
14
13
12
15
13
12
13
12
14
15
13
12
13
14
12
