120
120
120
120
121
121
121
121
121
121
121
121
122
122
122
121
121
121
121
121
121
120
121
121
120
120
120
120
120
120
120
120
120
120
120
120
120
120
120
121
121
121
121
121
121
123
123
123
123
123
123
123
123
123
123
123
123
123
123
123
123
123
59
57
58
56
120
120
120
120
120
120
120
121
121
121
121
79
78
78
79
58
121
122
122
122
122
125
124
124
125
124
123
123
123
123
123
123
122
122
122
122
3
1
3
3
3
3
3
3
3
3
3
3
1
1
1
1
1
0
1
0
1
122
122
122
125
124
122
122
123
122
123
122
122
122
122
122
123
122
122
122
122
122
3
3
0
1
3
3
3
0
1
0
3
3
3
1
0
3
3
3
1
0
109
108
108
56
59
109
108
109
103
101
118
118
118
118
118
118
118
118
125
124
2
2
3
3
2
2
2
3
2
2
2
2
2
2
2
2
2
2
2
1
108
109
108
102
100
109
108
109
102
100
103
101
102
100
103
118
118
118
118
118
118
118
118
118
2
2
31
29
30
32
32
28
30
2
2
2
57
58
56
2
2
2
28
31
2
2
2
59
29
101
102
100
103
101
118
118
118
118
118
118
127
127
127
102
100
118
118
78
79
78
32
32
32
57
58
56
32
32
32
32
32
32
84
84
93
92
32
32
32
59
30
32
32
32
57
28
92
93
92
93
92
85
85
85
103
101
84
85
85
93
92
93
32
32
32
32
32
94
94
94
92
95
93
32
32
32
94
94
94
94
94
94
32
32
94
94
58
31
83
82
82
83
82
83
82
87
86
86
87
87
87
86
86
83
82
83
82
83
82
83
87
86
87
87
86
86
87
86
85
85
85
85
85
85
85
84
84
85
85
85
84
85
85
95
92
95
93
95
92
95
93
95
92
95
93
95
92
95
93
95
92
95
93
94
92
95
93
94
92
95
93
94
92
102
100
103
101
102
100
103
95
93
94
92
79
78
79
78
125
124
125
124
125
115
114
127
127
124
125
124
125
114
115
114
115
114
115
114
115
114
115
114
115
114
115
114
124
125
119
119
119
119
119
119
119
116
116
116
116
116
116
112
115
119
119
119
113
113
113
112
112
112
112
114
119
112
119
119
115
119
119
119
119
119
113
113
113
113
113
113
112
112
114
115
114
115
114
115
114
115
114
115
114
115
114
115
114
115
82
83
82
87
87
87
87
87
87
87
87
87
87
86
86
83
82
83
87
86
86
86
87
87
87
87
86
87
87
86
84
84
84
84
84
84
84
84
84
84
84
84
84
84
84
95
93
94
84
92
91
95
84
84
84
84
90
82
83
93
89
89
89
89
89
89
89
89
89
89
89
90
94
91
92
90
95
91
93
90
94
91
92
90
95
91
93
90
94
91
126
126
126
126
126
126
126
126
126
126
126
126
126
127
126
119
119
119
119
119
119
119
117
116
116
117
116
116
116
116
117
117
117
117
116
117
117
117
117
117
117
116
116
116
116
118
119
118
113
113
113
112
112
112
117
117
117
117
117
117
117
117
116
116
116
116
113
113
113
113
113
113
113
113
113
113
113
113
114
115
114
115
114
115
114
115
114
115
114
115
82
83
82
83
82
83
82
86
83
86
82
83
82
83
86
82
83
82
87
83
82
83
82
83
82
80
83
80
82
80
85
85
85
85
85
85
86
86
86
86
86
86
85
86
86
92
83
90
95
91
93
80
84
82
80
83
80
82
80
83
89
88
88
89
88
88
88
89
88
88
88
90
94
80
82
79
101
78
79
78
79
78
89
80
83
80
79
78
91
79
126
126
126
126
126
126
126
126
126
126
126
126
126
124
125
102
100
103
101
102
100
103
117
117
117
116
101
102
100
103
101
124
125
124
125
124
125
116
116
116
117
124
125
124
125
124
125
124
112
112
112
125
124
125
124
125
124
125
116
117
117
116
124
125
124
125
113
112
112
112
112
112
112
112
113
112
112
112
114
113
115
114
124
125
124
112
125
115
124
112
81
81
81
81
81
81
81
80
80
80
80
80
80
80
80
81
81
81
81
81
81
81
80
80
80
80
80
80
85
86
81
81
81
81
81
81
81
81
81
81
81
81
81
80
80
89
88
89
89
88
89
89
88
88
88
88
90
88
88
88
89
89
89
89
88
89
89
88
88
88
88
88
91
90
91
92
78
90
79
95
78
91
88
88
88
88
90
91
90
91
127
127
127
127
127
127
127
127
127
127
127
127
127
127
127
108
109
108
109
105
108
104
109
104
108
105
109
104
108
105
111
111
111
111
111
111
111
111
111
111
111
111
111
109
108
111
111
111
110
110
110
110
110
110
111
111
111
111
111
111
111
111
109
108
109
108
110
110
110
110
110
110
110
110
110
110
110
110
110
110
110
110
110
110
110
110
111
110
109
108
93
90
94
65
65
65
65
91
92
90
95
91
93
90
94
91
92
90
65
65
65
65
95
91
79
78
79
78
79
93
64
67
67
67
67
67
67
66
66
66
66
64
64
64
67
78
79
78
79
78
79
78
79
78
79
78
79
78
71
79
78
79
77
78
75
77
75
73
70
70
71
70
71
70
71
70
90
102
79
94
71
91
73
70
71
70
100
75
92
71
103
101
102
127
100
103
101
127
127
127
127
125
114
124
112
102
100
90
103
101
102
100
103
77
101
102
95
100
103
101
109
104
108
105
109
104
108
98
98
98
98
105
109
104
102
108
105
109
107
107
107
108
109
108
104
109
105
108
106
106
106
106
104
109
105
100
107
107
107
107
104
105
104
105
106
104
105
104
105
106
104
105
104
105
104
105
108
109
108
109
65
64
65
65
65
65
65
64
64
64
64
64
64
64
67
65
64
64
65
65
65
65
64
64
64
64
64
64
67
67
66
66
66
66
66
66
66
66
66
66
66
66
66
64
64
70
71
70
71
70
71
70
71
70
71
69
70
69
71
69
72
72
72
72
72
72
72
72
72
72
72
70
69
71
69
72
73
72
72
73
73
73
72
72
72
72
103
70
91
75
73
73
73
73
73
73
73
73
73
73
73
93
101
102
100
69
90
78
94
71
91
74
103
101
102
100
103
101
102
100
98
98
98
98
98
98
98
98
98
98
98
98
98
99
99
103
101
102
107
107
107
107
107
107
100
103
101
102
106
106
106
106
100
108
103
101
107
107
107
107
107
104
105
104
106
106
106
106
106
105
104
105
106
106
106
106
104
105
109
104
67
67
67
65
65
65
65
67
67
69
70
69
67
71
67
67
67
69
65
65
65
65
67
70
69
71
69
70
69
71
67
67
67
66
66
67
66
66
66
66
66
64
66
67
64
69
70
69
71
69
70
69
71
69
70
69
71
69
70
69
77
75
79
74
75
74
75
74
75
74
75
71
69
70
69
74
75
74
75
74
77
75
72
73
73
73
102
100
103
105
72
72
72
72
72
72
72
72
74
75
73
101
108
102
104
92
71
90
78
95
69
91
100
109
103
74
93
70
90
77
99
99
99
98
99
99
99
98
98
98
98
99
98
101
102
100
103
101
107
107
107
105
108
106
109
102
104
111
106
106
106
106
100
103
101
102
107
107
107
107
100
106
103
101
107
106
105
104
105
106
104
105
104
105
104
105
108
104
102
99
68
68
68
68
68
68
68
68
68
68
68
68
68
66
64
68
68
71
68
68
68
68
68
68
68
68
69
68
67
64
76
76
76
76
77
77
77
77
77
77
77
77
77
75
79
76
76
76
76
76
76
76
76
76
76
76
77
77
77
77
76
76
76
76
76
76
76
76
76
76
76
77
77
77
77
77
74
75
78
73
74
73
75
74
75
74
75
74
75
74
74
74
74
74
75
74
75
74
75
74
75
74
75
74
75
99
99
99
99
99
99
99
99
99
99
99
99
99
98
99
97
97
97
97
97
97
97
97
97
97
97
97
97
97
97
96
96
96
96
96
96
96
96
96
96
96
96
96
97
97
97
97
98
99
98
99
96
96
96
96
96
96
96
96
97
97
97
97
97
97
97
96
96
96
96
96
96
97
100
98
56
29
59
62
62
62
62
30
57
28
58
31
56
29
59
30
57
28
62
62
62
62
58
31
56
29
59
30
57
28
51
50
50
51
50
51
50
52
52
52
52
53
53
53
53
58
31
56
29
59
30
57
49
49
49
49
28
58
31
56
53
53
53
53
53
53
53
48
48
48
48
53
53
53
53
29
59
30
57
28
58
31
49
49
49
48
56
94
70
91
23
23
23
23
23
23
23
22
22
22
22
22
22
22
22
29
59
30
74
92
68
90
57
77
95
71
91
73
93
69
19
17
16
18
17
18
16
19
17
18
16
19
17
18
16
90
79
94
70
91
75
92
68
90
77
95
71
91
24
24
24
24
73
93
69
90
78
94
70
91
74
82
66
92
24
24
24
24
24
24
24
24
28
76
85
68
90
73
80
64
62
63
62
62
62
62
62
63
63
63
63
63
63
61
61
62
61
63
62
62
62
62
63
63
63
63
63
63
63
63
52
52
52
52
52
52
52
52
52
52
52
52
52
55
53
51
50
51
50
51
50
51
48
48
48
49
50
51
50
51
48
48
48
48
48
48
48
48
48
48
48
49
49
50
51
31
29
30
28
31
29
30
49
49
49
49
58
56
59
57
23
23
23
23
23
23
23
22
22
22
22
22
22
22
22
21
21
21
21
21
21
21
21
21
21
21
19
23
23
23
21
21
21
21
21
21
21
21
23
23
23
17
18
16
19
28
31
29
25
25
25
25
25
25
30
27
27
27
27
27
27
27
28
31
17
29
25
25
25
25
25
25
25
25
24
24
24
24
24
24
24
24
24
25
25
24
24
24
24
24
63
63
63
62
62
62
62
63
61
61
63
63
63
61
61
60
60
60
60
60
60
60
60
60
60
60
60
60
63
61
58
56
47
40
40
40
40
59
57
58
56
59
57
58
56
40
41
40
40
40
40
40
33
33
33
33
33
33
33
33
39
38
38
37
37
37
36
36
36
40
40
40
40
39
38
39
38
39
38
39
38
37
37
37
37
36
36
36
36
35
35
35
35
35
35
35
35
35
35
35
35
35
34
34
35
61
61
61
62
62
62
62
61
61
61
61
61
61
61
63
52
52
52
52
53
53
53
52
52
52
52
55
52
50
51
50
51
50
51
50
51
50
49
48
49
49
51
50
51
50
51
50
51
48
50
51
50
48
48
48
48
51
49
50
51
59
30
28
31
29
18
57
48
48
49
49
58
56
59
57
16
19
17
18
16
19
17
22
23
22
23
22
22
22
22
18
16
19
20
20
20
17
18
16
19
21
21
21
21
22
23
22
23
20
20
20
20
21
17
18
16
19
17
18
16
19
17
18
27
27
27
27
27
27
16
19
17
18
27
27
25
25
16
19
17
18
27
27
27
27
27
27
27
27
25
25
25
25
30
28
31
29
24
25
25
25
30
28
31
29
60
61
63
60
60
60
60
60
60
60
60
61
60
61
61
58
56
59
40
40
40
40
57
58
56
59
57
58
56
59
40
41
43
40
40
40
40
33
33
33
33
39
33
38
39
38
39
47
37
37
37
36
36
36
40
40
40
40
38
39
38
39
38
39
38
39
37
37
37
37
36
36
36
36
35
35
35
35
35
35
35
35
35
35
34
34
34
34
35
35
54
54
54
54
54
54
54
55
55
55
55
55
55
55
55
54
54
54
54
54
54
54
54
54
54
54
54
54
54
54
55
55
55
55
55
55
55
55
55
55
55
54
54
54
54
50
51
50
51
50
49
51
55
49
50
53
55
54
55
55
20
20
20
20
20
20
20
20
20
25
30
28
26
26
26
26
26
26
20
20
20
20
16
19
17
18
16
19
17
18
20
20
20
20
16
19
17
18
22
23
22
23
20
21
21
20
27
27
27
26
20
16
19
17
18
16
19
17
26
26
26
26
31
29
30
28
26
26
26
26
26
26
26
26
26
26
26
26
31
29
30
28
26
26
26
26
31
29
30
28
41
41
41
43
41
41
43
42
43
43
42
43
43
43
43
42
42
42
42
42
42
42
43
43
43
43
43
43
43
43
42
42
42
37
37
37
36
36
36
42
43
43
43
43
42
42
42
43
43
43
43
37
37
37
37
36
36
36
36
33
33
33
33
33
33
33
33
34
34
33
34
33
34
33
33
57
58
56
47
59
47
47
42
42
42
42
57
58
56
59
41
41
41
44
44
44
44
46
47
46
47
46
47
46
57
58
56
59
47
46
47
57
58
56
18
16
19
15
15
15
12
12
12
31
17
15
59
57
58
56
44
44
44
44
59
57
58
56
46
47
46
47
29
15
18
30
15
16
15
15
59
57
58
56
19
17
18
16
28
15
15
15
12
12
12
12
15
19
31
17
18
16
19
17
29
18
30
16
19
17
18
16
19
17
18
16
28
31
29
30
28
31
29
30
28
19
31
17
29
30
28
31
29
30
28
31
29
18
30
16
41
41
41
41
41
41
41
42
42
42
42
46
47
46
47
46
47
46
36
36
36
38
39
38
47
46
47
46
43
42
42
42
47
46
47
46
37
36
36
36
39
38
39
38
33
34
34
34
34
34
34
34
34
34
39
38
39
38
39
38
13
13
12
12
11
10
10
14
14
14
14
11
10
11
10
11
10
11
8
8
8
9
9
9
10
15
14
15
8
8
8
8
14
15
14
15
8
8
8
8
9
9
9
9
8
8
8
8
11
10
11
10
11
10
11
10
11
9
10
11
45
45
45
47
46
41
46
46
46
49
61
53
6
6
6
12
12
12
12
12
12
45
45
45
45
44
44
44
44
47
46
39
38
45
45
45
45
45
45
39
47
41
46
59
51
60
44
44
44
44
41
47
46
38
46
41
39
53
57
49
61
53
6
6
6
6
12
12
12
12
12
13
12
13
4
4
4
4
4
4
4
4
4
4
4
4
4
4
4
4
4
7
7
7
14
14
14
14
14
14
14
14
7
4
7
7
10
11
10
11
14
14
13
15
58
50
60
47
41
46
53
56
49
61
53
59
51
60
53
6
6
6
0
1
0
13
12
12
0
0
0
7
5
1
7
5
0
7
5
7
6
6
6
9
9
9
8
8
8
7
7
1
13
14
13
8
8
9
45
45
45
45
44
47
44
44
38
39
41
38
45
45
45
45
39
38
39
38
45
44
44
44
34
39
34
37
46
41
34
38
34
37
34
39
12
12
12
12
10
11
10
11
10
11
10
11
8
8
8
8
9
8
9
9
10
11
10
11
10
11
10
11
10
11
10
9
9
9
9
11
57
49
61
55
46
58
50
60
52
56
49
28
6
7
7
7
15
13
14
13
44
44
45
44
19
31
17
29
44
45
45
44
18
30
22
15
4
4
4
4
5
5
5
7
7
7
7
7
5
5
7
5
10
11
9
10
13
14
13
15
13
14
13
15
13
14
13
15
0
0
1
0
1
0
1
0
0
1
0
1
6
6
6
6
8
9
9
9
5
0
1
0
1
7
0
1
13
14
13
15
45
47
41
46
34
37
34
38
34
41
37
33
28
13
16
14
8
11
10
11
13
15
13
14
9
10
9
9
13
15
13
14
4
4
4
4
6
6
6
6
6
6
6
6
5
5
5
5
5
5
5
5
7
5
0
7
13
5
15
13
5
5
5
5
7
6
7
1
5
4
5
0
14
1
0
1
13
3
9
0
