72
72
72
72
73
77
77
77
73
73
73
73
74
77
77
77
73
75
73
73
73
73
73
73
73
73
73
72
72
72
72
72
72
72
72
72
72
72
72
73
73
73
73
73
73
74
74
74
74
74
74
74
74
74
74
74
74
74
74
74
74
74
30
30
30
30
72
72
72
72
72
72
72
72
72
72
72
75
77
77
75
30
73
73
73
73
73
74
78
74
74
75
74
74
74
74
74
74
75
77
77
77
30
30
30
30
30
30
30
30
30
30
30
30
30
30
30
30
31
31
31
31
31
75
75
75
75
75
75
75
75
75
75
75
75
75
75
75
75
75
75
75
75
75
4
4
5
30
4
4
4
30
30
30
4
4
4
30
30
31
31
31
31
31
65
65
65
31
31
86
86
86
86
86
86
86
86
86
86
86
86
86
77
77
4
4
5
5
4
4
4
4
5
5
4
4
4
4
4
31
31
31
31
31
65
65
65
65
65
86
86
86
86
86
86
86
86
97
97
86
86
86
86
87
86
86
87
87
4
4
5
5
5
44
44
5
5
4
4
4
5
5
44
4
4
4
44
5
55
55
55
5
5
118
118
118
118
118
96
96
96
96
96
96
96
96
96
96
96
96
96
96
97
97
44
44
44
45
45
5
45
45
45
45
45
45
96
96
96
96
44
44
44
5
5
55
55
55
5
5
118
118
118
118
118
96
96
96
101
101
96
96
96
96
96
96
45
45
45
46
46
101
101
101
101
101
101
46
46
46
118
118
118
101
101
101
46
46
101
101
46
46
101
100
101
100
100
100
100
100
100
100
100
101
100
101
100
100
100
100
100
100
100
100
100
100
100
100
100
100
100
100
99
99
99
99
99
99
99
98
98
98
98
98
98
98
98
99
99
99
99
111
111
97
110
110
110
110
98
111
111
111
111
111
111
111
111
111
111
110
110
110
110
110
110
111
111
89
88
88
88
88
87
87
110
110
110
110
111
111
111
111
88
88
88
88
88
88
88
89
89
89
89
89
89
89
89
81
87
81
87
87
87
87
87
87
87
87
81
81
81
81
87
87
87
87
87
87
87
87
87
87
87
87
84
84
84
83
83
83
82
82
83
83
83
83
83
83
83
83
80
80
81
81
81
81
81
81
82
82
82
82
83
83
83
83
81
80
81
81
81
81
81
81
81
81
81
81
81
81
81
81
103
103
103
102
102
102
102
102
102
102
102
102
102
102
102
103
100
103
102
102
102
102
102
102
102
102
102
102
102
102
99
99
99
99
99
99
99
98
98
98
98
98
98
98
98
97
97
97
97
97
97
97
97
97
97
97
110
97
97
110
109
109
109
109
109
109
109
108
108
108
108
108
108
108
108
109
109
109
109
109
109
109
108
108
108
108
110
108
110
110
88
88
88
88
88
88
88
89
89
89
89
89
89
89
89
85
85
85
85
85
85
85
84
84
84
84
84
84
84
84
85
85
85
85
85
85
85
84
84
84
84
84
84
84
84
82
82
82
82
82
82
83
83
83
82
82
82
82
85
85
85
85
85
85
85
85
82
82
82
82
83
83
83
83
80
80
80
80
80
80
80
80
80
80
80
80
80
80
80
80
101
101
101
102
103
103
102
103
103
103
103
103
103
103
103
101
101
101
102
103
103
103
103
103
103
103
103
103
103
103
99
99
99
99
99
99
99
98
98
98
98
98
98
98
98
101
101
101
97
97
97
99
97
97
97
97
98
97
98
97
109
109
109
109
109
109
109
108
108
108
108
110
110
110
110
90
90
90
109
109
108
108
108
108
108
108
110
110
110
110
88
88
88
88
88
88
88
89
89
89
89
89
89
89
89
91
91
88
91
91
91
88
84
84
84
84
89
89
91
91
91
91
91
91
91
91
91
84
84
84
84
92
92
91
92
91
91
91
82
82
82
95
95
95
91
91
91
91
85
85
85
85
91
91
91
91
82
82
82
82
83
83
83
83
80
80
80
80
80
80
80
80
95
95
95
95
95
95
95
95
106
106
106
106
106
106
106
107
107
107
107
107
107
107
107
106
106
106
106
106
106
106
107
107
107
107
107
107
107
107
106
106
106
106
106
106
106
107
107
107
107
107
107
107
107
105
105
105
105
105
105
105
104
104
104
104
104
104
104
107
105
105
105
105
105
105
105
104
104
104
104
104
104
104
104
90
109
109
90
90
90
90
105
108
105
105
104
104
105
105
90
90
90
90
90
90
90
114
114
114
114
114
114
114
114
93
93
93
93
93
93
93
92
92
92
92
92
92
92
92
93
93
93
93
93
93
93
92
92
92
92
92
92
92
92
93
93
93
94
94
94
95
95
95
93
93
93
93
92
92
92
92
92
92
92
92
94
94
94
94
94
94
94
94
94
94
94
94
94
94
94
94
94
94
94
94
94
94
94
94
106
106
106
125
125
125
125
111
111
111
111
111
111
111
111
127
127
127
125
125
125
125
124
124
124
124
124
124
124
124
121
121
121
121
121
121
121
120
120
120
120
120
120
120
120
106
106
106
123
123
123
123
104
113
113
113
123
121
107
121
105
105
105
105
105
105
105
104
104
104
104
113
104
113
104
114
114
114
114
114
114
109
104
104
104
112
108
108
108
114
90
90
90
90
90
90
90
114
114
114
114
114
114
114
114
71
71
90
90
90
90
90
69
69
69
69
93
93
93
93
70
70
70
70
70
70
70
68
68
68
68
68
68
68
68
95
95
95
78
78
78
95
95
95
93
95
95
95
79
79
79
79
95
69
69
69
78
78
78
78
77
77
77
77
79
79
79
79
76
76
76
76
76
76
76
76
95
76
95
76
125
125
125
125
125
125
125
124
124
124
124
124
124
124
124
125
127
125
125
125
125
125
124
124
124
124
124
124
124
124
121
121
121
121
121
121
121
120
120
120
120
120
120
120
120
121
123
123
121
123
123
123
113
113
113
113
120
120
121
120
112
112
112
112
112
112
112
112
112
112
112
113
113
113
113
112
112
112
112
112
112
112
112
112
112
112
115
115
115
115
115
115
115
115
115
115
115
115
115
115
115
115
115
115
115
71
71
71
71
71
71
71
68
68
115
115
114
114
114
114
70
70
70
70
70
70
70
68
68
68
68
68
68
68
68
70
70
70
78
78
78
77
77
77
70
68
70
70
79
79
79
79
69
69
69
69
78
78
78
78
77
77
77
77
79
79
79
79
79
79
79
79
76
76
76
76
76
76
76
76
123
123
123
125
125
125
125
127
127
127
127
127
127
127
127
127
127
127
125
124
124
124
127
127
127
127
127
127
127
127
121
121
121
121
121
121
121
120
120
120
120
120
120
120
120
123
123
123
123
123
123
123
113
113
113
113
123
123
115
123
113
113
113
113
113
113
113
112
113
112
112
113
113
115
115
118
118
118
118
118
118
118
112
116
116
116
118
118
118
118
116
116
116
116
116
116
116
116
116
116
116
116
116
116
116
116
116
116
116
116
116
116
116
116
115
115
69
69
69
69
70
70
70
70
70
70
70
68
68
68
68
68
68
68
68
69
69
69
78
78
78
66
67
67
69
69
69
69
78
79
79
78
69
69
69
69
78
78
78
78
66
66
77
77
78
79
79
79
79
78
76
78
76
76
76
76
76
76
76
76
126
126
126
126
126
126
126
126
126
126
126
126
126
126
126
126
126
126
126
126
126
126
126
126
126
126
127
126
127
127
122
122
122
122
122
122
122
122
122
122
122
122
122
122
122
123
123
123
122
122
122
122
122
122
122
122
122
122
122
122
119
119
119
119
119
119
119
119
119
119
119
119
119
119
119
119
118
119
119
118
118
117
119
119
119
119
119
119
119
119
117
117
117
117
117
117
117
117
117
117
117
117
117
117
117
67
67
67
67
67
67
67
65
65
65
65
65
65
65
65
67
67
67
67
67
67
67
65
65
65
65
65
65
65
65
67
67
67
66
66
66
66
66
66
67
67
67
67
64
64
64
64
65
65
64
64
66
66
66
66
66
66
66
66
64
64
64
64
64
64
64
64
64
64
64
64
64
64
64
64
61
61
61
60
60
60
60
63
63
63
63
63
63
63
63
61
61
61
60
60
60
60
62
62
62
62
62
62
63
63
56
56
56
56
56
56
56
57
57
57
57
57
57
57
57
61
61
61
61
61
61
61
51
51
51
51
51
59
59
59
48
48
48
48
48
48
48
50
50
50
50
51
51
51
51
49
49
49
49
49
49
48
50
50
50
50
52
117
117
117
49
49
49
49
49
49
49
55
55
55
55
55
55
55
55
24
24
24
67
117
67
67
24
117
117
117
117
65
117
117
24
24
24
24
24
24
24
24
24
24
24
24
24
24
24
71
71
71
71
71
71
71
71
71
71
71
71
71
17
17
17
17
64
64
64
64
66
66
66
66
71
71
71
71
17
17
17
17
17
17
17
17
16
64
66
66
66
66
66
66
60
61
60
60
60
60
60
62
62
62
62
62
62
62
62
60
61
61
60
60
60
60
62
62
62
62
62
62
62
62
56
56
56
56
56
56
56
57
57
57
57
57
57
57
57
56
56
56
56
61
61
56
50
51
51
50
57
57
56
57
48
48
48
48
48
48
48
50
50
50
50
51
51
51
51
49
49
49
49
49
49
49
50
50
50
50
52
54
51
52
49
49
49
49
49
49
49
55
55
55
55
55
55
55
55
25
25
25
25
25
25
25
25
25
25
25
24
24
24
24
25
25
25
25
25
25
25
25
25
25
25
25
25
25
25
18
18
18
18
18
18
18
18
18
18
18
18
18
17
17
17
17
24
24
24
24
18
18
18
18
18
18
18
18
17
17
17
17
17
17
17
17
17
17
16
16
16
17
16
16
63
63
63
60
60
60
60
63
63
63
63
63
63
63
63
58
59
59
58
58
58
58
59
59
59
59
59
59
59
59
35
59
35
33
33
33
33
35
35
35
35
35
35
35
35
33
33
33
33
33
33
33
32
32
32
32
32
32
32
32
39
39
39
39
39
39
36
36
36
33
33
33
33
37
37
37
37
37
37
37
37
38
38
38
38
36
36
36
36
37
37
37
37
37
37
37
37
36
36
36
36
36
36
36
36
61
63
63
60
60
60
60
62
62
62
62
63
62
63
63
56
56
56
56
56
56
56
57
57
57
57
57
57
57
57
61
61
61
61
61
61
61
50
51
51
51
7
7
7
7
48
48
48
48
48
48
48
50
50
50
50
51
51
51
51
48
51
53
48
48
48
48
50
50
50
50
51
51
53
52
54
54
54
54
54
54
54
55
55
55
55
54
54
54
54
26
26
26
26
26
26
26
26
26
26
26
26
26
26
27
27
27
27
26
26
26
26
26
26
26
26
26
26
26
26
26
27
27
18
18
18
19
19
19
28
19
19
19
16
16
16
16
16
31
31
31
18
19
18
18
19
19
19
19
16
16
16
16
16
16
16
16
16
16
16
16
16
16
16
16
58
58
58
58
58
58
58
59
59
59
59
59
59
59
59
35
35
35
33
32
32
32
35
35
35
35
59
59
59
59
33
33
33
33
33
33
33
32
32
32
32
32
32
32
32
39
39
39
38
38
38
36
36
36
33
33
33
33
32
32
32
32
32
32
32
32
38
38
38
38
36
36
36
38
37
37
37
37
37
37
37
37
37
37
36
36
36
36
36
36
58
58
58
58
58
58
58
58
58
58
58
58
58
58
58
52
52
52
52
52
52
52
52
52
52
52
52
52
52
52
53
53
53
53
53
53
53
53
53
53
53
52
52
52
52
53
53
53
53
53
53
53
53
53
53
53
52
52
52
52
54
54
54
28
28
28
28
28
28
22
22
22
22
22
22
22
22
22
54
54
54
54
54
54
54
54
54
54
54
54
28
28
28
28
28
28
28
28
27
27
27
27
28
28
28
28
22
22
22
22
28
28
28
28
28
28
28
28
23
23
23
23
19
19
19
19
22
22
22
22
22
22
22
22
23
23
23
23
19
19
19
19
23
23
23
23
19
19
23
23
34
34
34
34
34
34
34
47
47
47
47
47
47
47
47
34
34
34
34
34
34
34
47
47
47
47
47
47
47
47
34
34
34
38
38
38
39
39
39
34
34
34
34
47
47
47
47
47
47
47
47
38
38
38
38
39
39
39
39
44
44
44
44
44
44
44
44
45
45
45
45
45
45
45
45
35
53
53
35
35
35
35
46
46
46
46
27
27
27
27
43
43
43
43
42
42
42
42
42
42
42
27
27
27
27
11
11
11
10
10
10
29
29
29
29
29
29
31
31
31
20
20
20
22
22
21
11
11
11
11
42
42
42
42
27
27
27
27
10
10
10
10
15
15
15
15
15
15
15
15
29
29
29
29
29
29
29
29
29
29
29
29
20
20
20
20
21
21
21
21
15
15
15
15
27
27
27
27
29
29
29
29
29
29
29
29
23
23
23
23
23
23
23
23
31
31
31
19
19
19
19
19
23
23
23
23
22
22
22
22
34
34
34
34
35
34
34
46
46
46
46
46
46
46
46
39
35
39
38
38
38
39
39
39
38
35
39
35
47
46
47
46
46
46
46
46
38
38
38
38
39
39
39
39
44
44
44
44
44
44
44
44
45
44
45
45
45
45
45
45
21
21
21
21
21
21
21
0
0
0
0
0
0
0
0
21
21
21
2
2
2
6
6
6
21
21
21
21
1
1
1
1
0
0
0
1
2
2
2
2
6
6
6
6
3
1
1
1
1
1
1
1
1
1
6
6
6
6
6
1
43
43
43
11
11
11
10
10
10
14
10
10
14
14
14
20
20
20
20
20
20
43
43
43
43
42
42
42
42
42
42
42
42
43
43
43
40
40
40
41
41
41
11
11
11
11
42
42
42
42
42
42
42
42
10
10
10
10
10
10
10
10
14
14
14
14
20
20
20
20
20
20
20
20
15
15
15
15
15
15
15
15
15
15
15
15
14
15
15
14
14
14
14
14
0
0
0
0
0
0
0
0
14
14
14
14
0
0
0
0
0
0
0
0
11
11
11
40
40
40
11
8
8
10
10
10
12
11
12
14
14
14
21
21
21
20
20
20
8
8
8
8
8
8
8
8
8
6
6
6
12
12
12
2
2
2
2
2
2
12
12
12
6
6
6
2
2
6
43
43
43
43
43
43
43
43
41
41
41
41
40
40
40
40
41
41
41
41
40
40
40
40
40
40
40
40
41
41
41
41
41
41
41
41
20
21
20
20
1
1
1
1
1
1
1
1
2
2
2
2
2
2
2
2
3
3
3
3
3
3
3
3
3
3
3
3
3
3
3
3
11
11
11
11
10
10
10
10
14
12
12
11
14
14
14
14
3
21
21
21
43
43
43
43
11
9
11
9
40
40
40
40
5
5
5
5
9
9
9
9
9
9
9
9
13
13
13
13
13
13
13
13
1
1
1
1
7
7
7
7
7
7
7
7
7
7
7
14
8
8
8
8
8
8
5
5
8
8
8
8
12
12
12
12
2
2
2
2
6
6
6
6
12
12
12
12
6
6
6
6
40
40
40
40
41
40
41
41
41
41
41
41
8
8
8
8
3
3
3
3
7
7
7
7
3
3
7
7
7
7
3
3
9
9
9
9
13
13
13
13
13
13
13
13
9
9
9
9
9
9
9
9
13
13
13
13
7
13
7
7
13
13
13
13
12
12
13
12
9
9
9
9
12
12
12
12
8
8
12
12
